   0.0000000e+00   1.0409889e+00   2.7651269e+00   1.8867925e+00   1.0409889e+00   8.7833442e-01   2.7976578e+00   0.0000000e+00   0.0000000e+00   1.7891997e+00   1.7891997e+00   1.4313598e+00   0.0000000e+00   1.4313598e+00   6.1808718e-01   1.8867925e+00   0.0000000e+00   9.7592713e-01   1.2687053e+00   0.0000000e+00   1.1385817e+00   1.4964216e+00   1.0084580e+00   0.0000000e+00   0.0000000e+00
   3.3670034e-02   1.7171717e+00   1.9528620e+00   1.9528620e+00   9.0909091e-01   1.7508418e+00   1.8855219e+00   1.1784512e+00   6.7340067e-02   1.7171717e+00   2.5252525e+00   5.3872054e-01   0.0000000e+00   6.0606061e-01   1.3804714e+00   1.7845118e+00   0.0000000e+00   3.3670034e-01   2.0875421e+00   3.3670034e-02   1.4478114e+00   1.5824916e+00   1.6161616e+00   1.0101010e-01   0.0000000e+00
   0.0000000e+00   1.2195122e+00   1.9599303e+00   2.0470383e+00   9.1463415e-01   1.1759582e+00   2.2648084e+00   1.0452962e+00   0.0000000e+00   2.3519164e+00   2.9181185e+00   2.0470383e+00   0.0000000e+00   3.4843206e-01   2.0470383e+00   3.5278746e+00   5.6620209e-01   1.3066202e-01   2.1777003e+00   3.0487805e-01   1.1759582e+00   3.1794425e+00   1.7421603e+00   5.6620209e-01   0.0000000e+00
   3.9872408e-02   1.9537480e+00   2.3923445e+00   2.7910686e+00   9.5693780e-01   1.7942584e+00   1.6347687e+00   0.0000000e+00   0.0000000e+00   2.0334928e+00   2.6714514e+00   1.1164274e+00   0.0000000e+00   1.1562998e+00   1.0765550e+00   1.7942584e+00   0.0000000e+00   2.7910686e-01   1.8740032e+00   0.0000000e+00   1.7543860e+00   1.5550239e+00   1.9138756e+00   1.1961722e-01   0.0000000e+00
   0.0000000e+00   4.3290043e-01   2.4675325e+00   2.3376623e+00   1.7748918e+00   3.8961039e-01   2.6839827e+00   3.8961039e-01   3.4632035e-01   2.3809524e+00   2.0346320e+00   8.6580087e-01   0.0000000e+00   9.5238095e-01   1.5151515e+00   2.2943723e+00   0.0000000e+00   6.4935065e-01   2.0779221e+00   0.0000000e+00   1.4285714e+00   1.6883117e+00   1.4718615e+00   4.3290043e-02   0.0000000e+00
   0.0000000e+00   1.1180992e+00   2.2361985e+00   1.9916143e+00   7.3375262e-01   1.4325646e+00   2.6205451e+00   1.2229210e+00   0.0000000e+00   1.6072676e+00   2.0964361e+00   8.3857442e-01   0.0000000e+00   2.7952481e-01   1.5373864e+00   1.8867925e+00   0.0000000e+00   1.0482180e-01   2.2012579e+00   1.3976240e-01   5.5904962e-01   1.3626834e+00   1.7819706e+00   3.4940601e-01   0.0000000e+00
   0.0000000e+00   7.1614583e-01   2.1484375e+00   2.0182292e+00   1.2044271e+00   1.0416667e+00   2.3437500e+00   1.9531250e-01   0.0000000e+00   1.5625000e+00   2.3437500e+00   1.9205729e+00   0.0000000e+00   2.2786458e-01   1.5625000e+00   1.8554688e+00   0.0000000e+00   1.3020833e-01   2.1158854e+00   1.9531250e-01   6.1848958e-01   1.6927083e+00   1.8554688e+00   3.9062500e-01   0.0000000e+00
   2.1164021e-01   1.6578483e+00   1.5873016e+00   3.1746032e-01   0.0000000e+00   2.6455026e+00   2.3633157e+00   1.2345679e+00   1.3403880e+00   1.6578483e+00   3.5978836e+00   1.4109347e-01   0.0000000e+00   0.0000000e+00   2.2574956e+00   2.5749559e+00   3.5273369e-02   0.0000000e+00   1.4109347e+00   9.5238095e-01   2.8218695e-01   1.5873016e+00   1.5167549e+00   1.1640212e+00   0.0000000e+00
   7.2298326e-01   2.2070015e+00   1.6742770e+00   1.6742770e+00   9.8934551e-01   3.3105023e+00   4.5662100e-01   0.0000000e+00   1.1415525e-01   2.3972603e+00   2.8538813e+00   0.0000000e+00   0.0000000e+00   1.1796043e+00   1.3318113e+00   2.7397260e+00   0.0000000e+00   1.1415525e-01   2.5114155e+00   7.6103501e-02   9.1324201e-01   1.4459665e+00   1.7884323e+00   4.1856925e-01   0.0000000e+00
   0.0000000e+00   8.8691796e-01   2.5277162e+00   2.5720621e+00   1.1086475e+00   7.5388027e-01   3.5476718e+00   3.5476718e-01   0.0000000e+00   1.9955654e+00   2.3059867e+00   2.4390244e+00   0.0000000e+00   8.8691796e-02   1.9512195e+00   1.9512195e+00   0.0000000e+00   0.0000000e+00   1.9512195e+00   5.3215078e-01   1.4190687e+00   2.0842572e+00   2.1286031e+00   1.1086475e+00   0.0000000e+00
   2.4793388e-01   2.0247934e+00   1.7355372e+00   8.2644628e-01   0.0000000e+00   2.5619835e+00   3.2644628e+00   1.6528926e+00   2.0661157e+00   1.2396694e+00   2.2727273e+00   0.0000000e+00   0.0000000e+00   0.0000000e+00   2.0661157e+00   2.2727273e+00   2.0661157e-01   0.0000000e+00   1.0330579e+00   1.2396694e+00   1.2396694e-01   1.4876033e+00   1.5289256e+00   1.7768595e+00   0.0000000e+00
   1.4809330e-01   1.8881896e+00   2.1103295e+00   1.5920030e+00   1.7771196e+00   2.6656794e+00   1.9622362e+00   0.0000000e+00   0.0000000e+00   2.7397260e+00   3.2950759e+00   7.7748982e-01   0.0000000e+00   5.1832655e-01   1.9252129e+00   2.7767494e+00   4.0725657e-01   1.4809330e-01   2.2584228e+00   1.8511662e-01   1.1477231e+00   1.2587930e+00   1.5549796e+00   3.3320992e-01   0.0000000e+00
   0.0000000e+00   2.1645022e-01   1.8759019e+00   2.2005772e+00   1.6594517e+00   9.7402597e-01   3.5714286e+00   1.0461760e+00   9.0187590e-01   2.1645022e+00   2.4170274e+00   2.9942280e+00   0.0000000e+00   1.1183261e+00   1.2987013e+00   2.5613276e+00   1.5873016e+00   1.8037518e-01   2.4170274e+00   7.2150072e-02   1.1904762e+00   1.1904762e+00   1.5512266e+00   1.1904762e+00   0.0000000e+00
   3.1330252e+00   2.4139702e+00   1.8489985e+00   0.0000000e+00   0.0000000e+00   3.2871084e+00   5.1361068e-02   2.7734977e+00   6.1633282e-01   0.0000000e+00   1.4381099e+00   2.0544427e+00   3.5952748e-01   2.7221366e+00   0.0000000e+00   0.0000000e+00   2.0030817e+00   1.5921931e+00   2.5166923e+00   4.6224961e-01   0.0000000e+00   0.0000000e+00   9.7586030e-01   2.5680534e+00   5.1361068e-01
   5.2631579e-02   2.1578947e+00   2.5789474e+00   2.7368421e+00   5.2631579e-01   1.8947368e+00   2.3157895e+00   0.0000000e+00   1.2105263e+00   1.4736842e+00   3.3684211e+00   1.3684211e+00   0.0000000e+00   2.2631579e+00   4.7368421e-01   2.6842105e+00   0.0000000e+00   6.3157895e-01   2.3157895e+00   0.0000000e+00   1.8421053e+00   1.9473684e+00   1.9473684e+00   5.2631579e-02   0.0000000e+00
   1.8735363e-01   1.9203747e+00   6.5573770e-01   0.0000000e+00   0.0000000e+00   2.0608899e+00   2.6229508e+00   1.7798595e+00   1.9203747e+00   6.5573770e-01   3.2786885e+00   5.1522248e-01   0.0000000e+00   7.0257611e-01   2.2014052e+00   3.3723653e+00   1.7330211e+00   9.3676815e-01   1.6861827e+00   1.1241218e+00   1.8735363e+00   1.5925059e+00   1.6393443e+00   1.7798595e+00   0.0000000e+00
   9.1228070e-01   1.6842105e+00   1.6842105e+00   1.5789474e+00   1.0526316e-01   2.9824561e+00   1.7894737e+00   1.4035088e-01   2.1052632e-01   1.8596491e+00   3.1929825e+00   1.7192982e+00   1.4035088e-01   0.0000000e+00   2.0000000e+00   2.0000000e+00   3.5087719e-02   0.0000000e+00   4.5614035e-01   1.5087719e+00   3.5087719e-01   1.7894737e+00   1.4385965e+00   2.0701754e+00   1.4035088e-01
   1.3374486e+00   2.5034294e+00   2.1604938e+00   1.9890261e+00   4.4581619e-01   2.2633745e+00   2.7777778e+00   1.0288066e-01   1.0288066e-01   1.9547325e+00   2.1604938e+00   3.4293553e-01   0.0000000e+00   0.0000000e+00   1.8861454e+00   1.4060357e+00   8.2304527e-01   0.0000000e+00   3.4293553e-01   1.6117970e+00   0.0000000e+00   1.0973937e+00   1.6117970e+00   1.7489712e+00   1.0288066e-01
   8.8235294e-01   2.1764706e+00   2.3823529e+00   1.7647059e+00   2.9411765e-01   2.0294118e+00   0.0000000e+00   0.0000000e+00   1.1764706e-01   1.7647059e+00   2.1176471e+00   0.0000000e+00   0.0000000e+00   0.0000000e+00   1.8823529e+00   1.6470588e+00   7.0588235e-01   0.0000000e+00   0.0000000e+00   1.8823529e+00   0.0000000e+00   9.4117647e-01   1.3235294e+00   1.3529412e+00   6.7647059e-01
   2.1990741e+00   1.7746914e+00   1.6589506e+00   1.8132716e+00   2.7006173e-01   3.7808642e+00   1.6975309e+00   1.4660494e+00   5.4012346e-01   2.1990741e+00   3.7808642e+00   7.7160494e-01   0.0000000e+00   0.0000000e+00   2.5077160e+00   3.3179012e+00   1.8132716e+00   1.2731481e+00   1.3888889e+00   1.2345679e+00   2.4305556e+00   0.0000000e+00   0.0000000e+00   0.0000000e+00   0.0000000e+00
   0.0000000e+00   0.0000000e+00   1.0579937e+00   1.7633229e+00   0.0000000e+00   0.0000000e+00   3.9184953e-01   2.7429467e+00   1.1755486e-01   0.0000000e+00   1.1755486e-01   2.5078370e+00   3.1347962e-01   0.0000000e+00   0.0000000e+00   2.8605016e+00   1.4890282e+00   1.0579937e+00   6.6614420e-01   0.0000000e+00   6.2695925e-01   9.0125392e-01   7.8369906e-01   9.4043887e-01   1.0579937e+00
   0.0000000e+00   0.0000000e+00   5.8139535e-01   2.7616279e+00   0.0000000e+00   0.0000000e+00   4.3604651e-01   2.9069767e+00   3.8759690e-01   0.0000000e+00   1.4534884e-01   2.8100775e+00   2.9069767e-01   0.0000000e+00   0.0000000e+00   3.0038760e+00   3.3914729e+00   2.6647287e+00   2.6162791e+00   9.2054264e-01   7.7519380e-01   1.4534884e-01   0.0000000e+00   0.0000000e+00   8.7209302e-01
   0.0000000e+00   0.0000000e+00   1.6304348e-01   2.6086957e+00   2.1739130e-01   0.0000000e+00   5.4347826e-02   2.4456522e+00   6.5217391e-01   0.0000000e+00   0.0000000e+00   2.0652174e+00   7.0652174e-01   0.0000000e+00   0.0000000e+00   1.5217391e+00   3.0434783e+00   1.9565217e+00   1.3043478e+00   2.1739130e-01   2.2826087e+00   1.0326087e+00   9.2391304e-01   1.3586957e+00   1.3586957e+00
   0.0000000e+00   0.0000000e+00   8.9445438e-01   2.9815146e+00   0.0000000e+00   0.0000000e+00   6.5593321e-01   2.6833631e+00   5.9630292e-02   0.0000000e+00   2.3852117e-01   2.7429934e+00   1.7889088e-01   0.0000000e+00   0.0000000e+00   3.0411449e+00   2.9218843e+00   2.5641026e+00   2.7429934e+00   8.3482409e-01   1.1926058e-01   0.0000000e+00   0.0000000e+00   0.0000000e+00   8.9445438e-01
   0.0000000e+00   0.0000000e+00   1.5909091e+00   9.0909091e-01   0.0000000e+00   0.0000000e+00   5.6818182e-01   2.4431818e+00   0.0000000e+00   0.0000000e+00   0.0000000e+00   2.5568182e+00   2.2727273e-01   5.6818182e-02   0.0000000e+00   1.4772727e+00   3.6931818e+00   2.7840909e+00   2.6136364e+00   1.1363636e+00   2.1022727e+00   2.2727273e-01   0.0000000e+00   0.0000000e+00   4.5454545e-01
   0.0000000e+00   1.7676768e-01   1.9696970e+00   0.0000000e+00   0.0000000e+00   2.5252525e-02   1.9949495e+00   2.2727273e-01   0.0000000e+00   1.4898990e+00   2.1969697e+00   2.0454545e+00   1.4646465e+00   1.8939394e+00   1.1111111e+00   1.7676768e-01   0.0000000e+00   0.0000000e+00   1.6919192e+00   7.5757576e-02   0.0000000e+00   0.0000000e+00   0.0000000e+00   1.3383838e+00   0.0000000e+00
   0.0000000e+00   0.0000000e+00   1.3480392e+00   8.9869281e-01   0.0000000e+00   0.0000000e+00   3.6764706e-01   2.4509804e+00   0.0000000e+00   0.0000000e+00   0.0000000e+00   2.1650327e+00   3.2679739e-01   0.0000000e+00   0.0000000e+00   8.5784314e-01   3.1862745e+00   2.2467320e+00   1.8790850e+00   4.0849673e-01   2.5326797e+00   7.7614379e-01   0.0000000e+00   2.0424837e-01   6.1274510e-01
   0.0000000e+00   0.0000000e+00   0.0000000e+00   9.6153846e-01   6.0096154e-01   0.0000000e+00   9.6153846e-01   3.0048077e+00   3.6057692e+00   2.7644231e+00   1.9230769e+00   3.6057692e+00   3.2451923e+00   8.4134615e-01   8.4134615e-01   3.4855769e+00   2.1634615e+00   0.0000000e+00   0.0000000e+00   0.0000000e+00   9.6153846e-01   0.0000000e+00   0.0000000e+00   0.0000000e+00   0.0000000e+00
   0.0000000e+00   0.0000000e+00   1.2587413e+00   1.2587413e+00   0.0000000e+00   2.0979021e+00   3.9160839e+00   4.6153846e+00   4.6153846e+00   1.6783217e+00   4.4755245e+00   4.3356643e+00   2.0979021e+00   9.7902098e-01   2.2377622e+00   1.8181818e+00   1.3986014e-01   0.0000000e+00   0.0000000e+00   4.1958042e-01   0.0000000e+00   0.0000000e+00   0.0000000e+00   0.0000000e+00   0.0000000e+00
   0.0000000e+00   0.0000000e+00   8.4257206e-01   1.9068736e+00   0.0000000e+00   0.0000000e+00   3.9911308e-01   2.5277162e+00   8.8691796e-02   0.0000000e+00   0.0000000e+00   2.4390244e+00   2.6607539e-01   0.0000000e+00   0.0000000e+00   1.7738359e+00   2.7494457e+00   1.7738359e+00   1.4190687e+00   2.6607539e-01   1.3303769e+00   3.1042129e-01   0.0000000e+00   3.1042129e-01   1.5521064e+00
   0.0000000e+00   0.0000000e+00   1.6717325e+00   7.0921986e-01   0.0000000e+00   0.0000000e+00   8.1053698e-01   2.0770010e+00   0.0000000e+00   0.0000000e+00   5.0658561e-02   2.5329281e+00   1.5197568e-01   0.0000000e+00   0.0000000e+00   2.1783181e+00   2.9888551e+00   2.3302938e+00   1.9756839e+00   5.0658561e-01   4.5592705e-01   0.0000000e+00   0.0000000e+00   5.0658561e-02   1.9250253e+00
   0.0000000e+00   0.0000000e+00   5.5223194e-01   2.4390244e+00   9.2038656e-02   0.0000000e+00   1.8407731e-01   2.7151404e+00   2.7611597e-01   0.0000000e+00   0.0000000e+00   2.3930051e+00   5.9825127e-01   0.0000000e+00   0.0000000e+00   2.3469857e+00   2.3930051e+00   1.9788311e+00   2.1168891e+00   6.4427059e-01   0.0000000e+00   0.0000000e+00   0.0000000e+00   4.6019328e-02   1.3805798e+00
   2.4166667e+00   8.7500000e-01   8.3333333e-02   1.7083333e+00   9.5833333e-01   4.1666667e-01   3.3750000e+00   1.8750000e+00   7.0833333e-01   0.0000000e+00   0.0000000e+00   6.2500000e-01   2.3750000e+00   2.5000000e-01   0.0000000e+00   0.0000000e+00   0.0000000e+00   2.9166667e-01   2.4166667e+00   5.0000000e-01   0.0000000e+00   0.0000000e+00   0.0000000e+00   1.2500000e-01   1.3333333e+00
   0.0000000e+00   0.0000000e+00   0.0000000e+00   8.0952381e-01   1.9523810e+00   0.0000000e+00   0.0000000e+00   5.2380952e-01   2.4285714e+00   9.5238095e-02   0.0000000e+00   2.8571429e-01   2.5238095e+00   1.9047619e-01   0.0000000e+00   4.2857143e-01   3.0000000e+00   1.3809524e+00   2.3809524e-01   0.0000000e+00   1.7619048e+00   1.1904762e+00   1.1428571e+00   2.0000000e+00   2.3809524e-01
   0.0000000e+00   0.0000000e+00   2.0053476e-01   2.9411765e+00   1.1363636e+00   0.0000000e+00   0.0000000e+00   2.9411765e+00   1.2032086e+00   6.6844920e-02   0.0000000e+00   1.8716578e+00   1.8048128e+00   0.0000000e+00   0.0000000e+00   1.2032086e+00   3.8101604e+00   1.4037433e+00   4.6791444e-01   0.0000000e+00   2.0053476e+00   1.1363636e+00   9.3582888e-01   2.0053476e+00   2.0053476e-01
   0.0000000e+00   0.0000000e+00   1.8101093e+00   4.4398907e-01   0.0000000e+00   0.0000000e+00   9.9043716e-01   1.7076503e+00   2.3907104e-01   1.4002732e+00   3.4153005e-01   3.3469945e+00   1.9467213e+00   2.2540984e+00   1.4002732e+00   1.5710383e+00   3.7568306e-01   0.0000000e+00   1.1612022e+00   9.5628415e-01   0.0000000e+00   0.0000000e+00   0.0000000e+00   1.0587432e+00   6.1475410e-01
   0.0000000e+00   2.9900332e-01   2.3255814e+00   0.0000000e+00   0.0000000e+00   0.0000000e+00   2.4584718e+00   3.9867110e-01   3.9867110e-01   6.3122924e-01   1.8604651e+00   2.5249169e+00   1.4617940e+00   2.0265781e+00   1.6943522e+00   9.9667774e-02   0.0000000e+00   0.0000000e+00   1.2956811e+00   9.9667774e-01   0.0000000e+00   0.0000000e+00   0.0000000e+00   1.4617940e+00   1.9933555e-01
   0.0000000e+00   0.0000000e+00   5.3030303e-01   1.9696970e+00   0.0000000e+00   0.0000000e+00   0.0000000e+00   2.6893939e+00   2.2727273e-01   0.0000000e+00   0.0000000e+00   1.6287879e+00   1.1363636e+00   0.0000000e+00   0.0000000e+00   3.4090909e-01   2.6515152e+00   9.8484848e-01   9.4696970e-01   1.8939394e-01   2.1212121e+00   1.7045455e+00   8.7121212e-01   7.1969697e-01   1.2878788e+00
   0.0000000e+00   1.3468013e+00   5.0505051e-01   0.0000000e+00   0.0000000e+00   0.0000000e+00   2.3569024e+00   4.2087542e-01   0.0000000e+00   0.0000000e+00   8.4175084e-02   2.6936027e+00   4.2087542e-01   1.4309764e+00   1.6835017e-01   1.7676768e+00   3.6195286e+00   3.4511785e+00   3.1144781e+00   1.9360269e+00   2.2727273e+00   1.5151515e+00   2.5252525e-01   0.0000000e+00   5.8922559e-01
   0.0000000e+00   1.8099548e+00   3.0165913e+00   2.7149321e+00   4.5248869e-01   1.9607843e+00   4.5248869e+00   4.5248869e+00   4.5248869e+00   3.1674208e+00   4.2232278e+00   2.7149321e+00   6.0331825e-01   0.0000000e+00   1.9607843e+00   1.8099548e+00   0.0000000e+00   0.0000000e+00   0.0000000e+00   4.5248869e-01   0.0000000e+00   0.0000000e+00   0.0000000e+00   0.0000000e+00   0.0000000e+00
   0.0000000e+00   0.0000000e+00   0.0000000e+00   1.0545267e+00   1.4660494e+00   1.1831276e+00   2.0576132e+00   6.4300412e-01   2.0318930e+00   1.6203704e+00   1.9804527e+00   5.1440329e-01   1.6718107e+00   2.5720165e-02   1.8261317e+00   1.5174897e+00   1.1574074e+00   0.0000000e+00   4.3724280e-01   1.3888889e+00   0.0000000e+00   0.0000000e+00   0.0000000e+00   1.4146091e+00   1.0288066e-01
   4.1771094e-01   7.1010860e-01   0.0000000e+00   8.9807853e-01   2.1303258e+00   2.0885547e+00   4.1771094e-02   6.8922306e-01   1.4619883e+00   1.9214703e+00   8.9807853e-01   1.1695906e+00   5.4302423e-01   0.0000000e+00   1.9005848e+00   0.0000000e+00   0.0000000e+00   0.0000000e+00   8.9807853e-01   7.9365079e-01   0.0000000e+00   0.0000000e+00   1.6708438e-01   8.3542189e-01   0.0000000e+00
   0.0000000e+00   0.0000000e+00   0.0000000e+00   1.8596491e+00   7.3684211e-01   2.2807018e+00   8.0701754e-01   1.0175439e+00   1.5087719e+00   2.0350877e+00   2.4210526e+00   1.6842105e+00   1.3333333e+00   0.0000000e+00   1.9298246e+00   3.1578947e-01   2.8070175e-01   0.0000000e+00   8.4210526e-01   9.4736842e-01   0.0000000e+00   0.0000000e+00   0.0000000e+00   1.5438596e+00   0.0000000e+00
   0.0000000e+00   0.0000000e+00   0.0000000e+00   2.1563342e+00   0.0000000e+00   2.1563342e+00   0.0000000e+00   4.3800539e-01   2.9312668e+00   9.0970350e-01   2.0552561e+00   1.0107817e-01   2.2237197e+00   2.0215633e-01   2.0215633e+00   1.6846361e+00   2.0889488e+00   4.3800539e-01   8.4231806e-01   1.0444744e+00   0.0000000e+00   0.0000000e+00   0.0000000e+00   1.3814016e+00   3.3692722e-02
   1.0606061e+00   4.9242424e-01   2.2727273e-01   2.9924242e+00   8.7121212e-01   2.6893939e+00   1.0984848e+00   2.1969697e+00   7.9545455e-01   2.1212121e+00   1.3257576e+00   1.6287879e+00   2.2727273e-01   7.5757576e-01   1.5909091e+00   0.0000000e+00   0.0000000e+00   0.0000000e+00   1.4772727e+00   5.6818182e-01   0.0000000e+00   0.0000000e+00   0.0000000e+00   1.2878788e+00   0.0000000e+00
   7.2964670e-01   2.4961598e+00   6.5284178e-01   1.1520737e-01   1.0368664e+00   2.6881720e+00   1.5360983e-01   3.0721966e-01   2.1505376e+00   2.8417819e+00   2.4577573e+00   1.1520737e+00   1.9585253e+00   2.3041475e-01   2.3041475e+00   4.2242704e-01   6.5284178e-01   0.0000000e+00   5.7603687e-01   1.5360983e+00   0.0000000e+00   0.0000000e+00   0.0000000e+00   1.1520737e+00   3.8402458e-01
   2.1929825e+00   8.4064327e-01   2.5584795e-01   2.2295322e+00   4.3859649e-01   2.7412281e+00   1.2426901e+00   2.1198830e+00   1.9371345e+00   1.1330409e+00   1.8274854e-01   4.7514620e-01   0.0000000e+00   2.2660819e+00   1.0964912e-01   0.0000000e+00   0.0000000e+00   1.4619883e-01   2.1198830e+00   0.0000000e+00   0.0000000e+00   0.0000000e+00   1.0964912e+00   6.2134503e-01   0.0000000e+00
   2.7500000e+00   0.0000000e+00   1.2142857e+00   1.7500000e+00   5.3571429e-01   1.5357143e+00   1.6785714e+00   7.8571429e-01   5.7142857e-01   2.2500000e+00   0.0000000e+00   0.0000000e+00   0.0000000e+00   1.5714286e+00   1.0000000e+00   0.0000000e+00   0.0000000e+00   7.1428571e-02   2.4285714e+00   0.0000000e+00   0.0000000e+00   0.0000000e+00   9.6428571e-01   5.0000000e-01   0.0000000e+00
   1.4492754e+00   0.0000000e+00   0.0000000e+00   1.9832189e+00   2.1739130e+00   3.1655225e+00   3.8138825e-01   1.8688024e+00   9.5347063e-01   2.0594966e+00   7.6277651e-01   2.2120519e+00   9.9160946e-01   7.6277651e-02   1.9832189e+00   0.0000000e+00   0.0000000e+00   0.0000000e+00   6.8649886e-01   1.1823036e+00   0.0000000e+00   0.0000000e+00   0.0000000e+00   1.0678871e+00   1.5255530e-01
   0.0000000e+00   1.4467593e-01   0.0000000e+00   1.6782407e+00   8.3912037e-01   1.4178241e+00   2.0833333e+00   1.6203704e+00   2.3148148e+00   1.2731481e+00   2.0543981e+00   8.1018519e-01   2.0543981e+00   2.3148148e-01   1.9386574e+00   1.6203704e+00   1.2731481e+00   0.0000000e+00   8.6805556e-02   1.5625000e+00   0.0000000e+00   0.0000000e+00   0.0000000e+00   6.6550926e-01   3.4722222e-01
   0.0000000e+00   0.0000000e+00   1.1867905e+00   2.1413829e+00   0.0000000e+00   4.1279670e-01   1.7285862e+00   8.5139319e-01   3.1733746e+00   5.9339525e-01   2.0897833e+00   2.3219814e-01   1.6769866e+00   6.9659443e-01   2.1413829e+00   1.5479876e+00   1.4189886e+00   3.8699690e-01   7.7399381e-02   1.7543860e+00   0.0000000e+00   0.0000000e+00   0.0000000e+00   7.2239422e-01   2.0639835e-01
   0.0000000e+00   0.0000000e+00   0.0000000e+00   1.6858917e+00   6.2111801e-01   1.9520852e+00   2.3365868e+00   2.3661639e-01   2.7506655e+00   1.3013901e+00   2.0408163e+00   5.9154096e-02   1.9816622e+00   2.9577048e-01   2.2774327e+00   1.8041999e+00   1.6267377e+00   2.9577048e-01   2.0703934e-01   1.8633540e+00   0.0000000e+00   0.0000000e+00   0.0000000e+00   9.1688849e-01   4.1407867e-01
   1.7482517e+00   1.8181818e+00   7.6923077e-01   1.0489510e+00   1.6083916e+00   2.7972028e+00   2.7972028e-01   1.3636364e+00   1.9930070e+00   2.0629371e+00   3.4965035e-01   1.2237762e+00   5.9440559e-01   7.6923077e-01   1.5384615e+00   0.0000000e+00   0.0000000e+00   0.0000000e+00   1.5384615e+00   5.9440559e-01   0.0000000e+00   0.0000000e+00   0.0000000e+00   1.3286713e+00   0.0000000e+00
   3.0055659e+00   1.4471243e+00   1.8552876e-01   2.5231911e+00   1.0760668e+00   1.8552876e+00   1.5584416e+00   2.1150278e+00   1.6697588e+00   1.7810761e+00   0.0000000e+00   0.0000000e+00   0.0000000e+00   2.0779221e+00   5.5658627e-01   0.0000000e+00   0.0000000e+00   0.0000000e+00   2.4489796e+00   0.0000000e+00   0.0000000e+00   0.0000000e+00   6.6790353e-01   9.6474954e-01   0.0000000e+00
   0.0000000e+00   0.0000000e+00   0.0000000e+00   2.0512821e+00   0.0000000e+00   5.3613054e-01   6.2937063e-01   5.1282051e-01   2.3776224e+00   1.3053613e+00   2.3310023e+00   4.6620047e-01   1.9813520e+00   4.6620047e-02   2.0046620e+00   6.2937063e-01   1.3519814e+00   2.3310023e-01   1.6317016e-01   1.5850816e+00   0.0000000e+00   0.0000000e+00   0.0000000e+00   7.9254079e-01   2.5641026e-01
   1.9596316e-02   1.2541642e+00   3.3313737e-01   3.7233000e-01   1.8812463e+00   1.3717421e+00   3.7233000e-01   9.7981579e-02   1.3325495e+00   1.4893200e+00   1.5285126e+00   0.0000000e+00   1.9596316e-01   1.2541642e+00   1.4109347e+00   1.6264942e+00   1.7636684e-01   1.5873016e+00   1.9596316e-02   1.3913384e+00   5.0950421e-01   1.1953753e+00   3.9192632e-02   0.0000000e+00   8.6223790e-01
   2.6984127e+00   1.0714286e+00   4.3650794e-01   2.6587302e+00   1.0714286e+00   2.2222222e+00   1.6269841e+00   1.8650794e+00   3.1746032e-01   2.4603175e+00   0.0000000e+00   0.0000000e+00   0.0000000e+00   5.1587302e-01   1.8650794e+00   0.0000000e+00   0.0000000e+00   0.0000000e+00   1.1111111e+00   1.1111111e+00   0.0000000e+00   0.0000000e+00   0.0000000e+00   9.1269841e-01   7.9365079e-02
   1.6909621e+00   5.8309038e-01   2.9154519e-02   2.4489796e+00   1.2827988e+00   2.4198251e+00   6.7055394e-01   1.9533528e+00   4.3731778e-01   2.3323615e+00   1.4577259e-01   9.6209913e-01   2.3323615e-01   0.0000000e+00   2.0991254e+00   0.0000000e+00   0.0000000e+00   0.0000000e+00   0.0000000e+00   2.0408163e+00   0.0000000e+00   0.0000000e+00   0.0000000e+00   2.9154519e-02   1.3994169e+00
   1.7763845e+00   1.4106583e+00   7.8369906e-01   2.4294671e+00   1.3845350e+00   1.6457680e+00   1.1755486e+00   1.3584117e+00   3.1347962e-01   2.1159875e+00   0.0000000e+00   0.0000000e+00   0.0000000e+00   8.8819227e-01   1.3584117e+00   0.0000000e+00   0.0000000e+00   0.0000000e+00   1.9070010e+00   2.6123302e-01   0.0000000e+00   0.0000000e+00   2.6123302e-01   1.6196447e+00   0.0000000e+00
   2.1328958e+00   9.4339623e-01   3.4864643e-01   1.7432322e+00   1.8457752e+00   1.2920427e+00   1.0459393e+00   1.3330599e+00   4.1017227e-02   2.3174733e+00   0.0000000e+00   0.0000000e+00   0.0000000e+00   2.8712059e-01   1.8252666e+00   0.0000000e+00   0.0000000e+00   0.0000000e+00   1.3125513e+00   7.5881870e-01   0.0000000e+00   0.0000000e+00   0.0000000e+00   1.8867925e+00   0.0000000e+00
   7.6923077e-01   0.0000000e+00   0.0000000e+00   0.0000000e+00   1.6000000e+00   1.6923077e+00   1.1076923e+00   0.0000000e+00   0.0000000e+00   1.7846154e+00   2.0307692e+00   2.9846154e+00   2.4615385e-01   0.0000000e+00   1.6000000e+00   8.0000000e-01   3.6923077e-01   1.5384615e+00   6.1538462e-02   1.6307692e+00   0.0000000e+00   0.0000000e+00   1.0769231e+00   2.0615385e+00   3.0769231e-01
   1.2503552e+00   0.0000000e+00   0.0000000e+00   0.0000000e+00   0.0000000e+00   1.5061097e+00   1.0798522e+00   0.0000000e+00   2.0460358e+00   1.6197783e+00   1.7902813e+00   2.4154589e+00   1.2219381e+00   1.8471157e+00   1.6197783e+00   5.3992612e-01   1.7050298e-01   1.1366866e+00   2.2165388e+00   1.1366866e-01   0.0000000e+00   0.0000000e+00   8.5251492e-02   8.8093208e-01   0.0000000e+00
   0.0000000e+00   0.0000000e+00   0.0000000e+00   0.0000000e+00   1.6882184e+00   2.3706897e+00   1.7959770e-01   0.0000000e+00   0.0000000e+00   2.0474138e+00   1.9037356e+00   9.6982759e-01   0.0000000e+00   3.5919540e-02   1.8318966e+00   2.3706897e+00   2.5862069e+00   1.5804598e+00   1.0057471e+00   1.0416667e+00   5.7471264e-01   3.5919540e-02   1.0416667e+00   1.9755747e+00   0.0000000e+00
   1.8972332e+00   0.0000000e+00   0.0000000e+00   1.9762846e-01   1.7391304e+00   1.8181818e+00   0.0000000e+00   0.0000000e+00   1.5810277e-01   2.0158103e+00   1.9367589e+00   9.8814229e-01   0.0000000e+00   0.0000000e+00   1.9762846e+00   1.8181818e+00   2.3715415e+00   5.1383399e-01   7.5098814e-01   1.2252964e+00   0.0000000e+00   1.1857708e-01   2.0948617e+00   2.2529644e+00   0.0000000e+00
   0.0000000e+00   0.0000000e+00   0.0000000e+00   0.0000000e+00   1.9230769e+00   1.9930070e+00   3.8461538e-01   0.0000000e+00   0.0000000e+00   2.0629371e+00   1.8531469e+00   5.5944056e-01   5.9440559e-01   0.0000000e+00   1.8881119e+00   2.1678322e+00   2.0629371e+00   1.9580420e+00   1.7482517e-01   1.6433566e+00   2.4475524e-01   1.7482517e-01   9.7902098e-01   2.2027972e+00   4.8951049e-01
   2.9220779e-01   0.0000000e+00   0.0000000e+00   3.8961039e-01   1.7207792e+00   2.0779221e+00   2.5974026e-01   0.0000000e+00   0.0000000e+00   1.8181818e+00   2.1103896e+00   3.3766234e+00   0.0000000e+00   0.0000000e+00   1.9155844e+00   3.1168831e+00   1.2337662e+00   1.0714286e+00   2.2727273e-01   1.6233766e+00   1.2987013e-01   0.0000000e+00   1.7207792e+00   2.0779221e+00   2.2727273e-01
   1.8376068e+00   1.2820513e-01   0.0000000e+00   0.0000000e+00   1.4102564e+00   1.9658120e+00   0.0000000e+00   0.0000000e+00   0.0000000e+00   2.1794872e+00   1.9230769e+00   3.8461538e-01   1.3675214e+00   0.0000000e+00   2.2649573e+00   2.2222222e+00   2.0940171e+00   2.3076923e+00   4.2735043e-02   2.0940171e+00   3.8461538e-01   7.2649573e-01   7.6923077e-01   2.3504274e+00   6.4102564e-01
   0.0000000e+00   0.0000000e+00   0.0000000e+00   5.8097313e-01   2.0334060e+00   1.4161220e+00   0.0000000e+00   0.0000000e+00   0.0000000e+00   1.8155410e+00   2.1786492e+00   2.2875817e+00   0.0000000e+00   0.0000000e+00   1.8518519e+00   3.4495280e+00   2.3602033e+00   0.0000000e+00   5.8097313e-01   1.3071895e+00   1.3798112e+00   6.8990559e-01   1.9970951e+00   1.9607843e+00   3.6310821e-02
   4.8732943e-01   0.0000000e+00   0.0000000e+00   0.0000000e+00   1.8518519e+00   2.0142950e+00   5.5230669e-01   7.4723847e-01   0.0000000e+00   2.0467836e+00   1.8518519e+00   2.5341131e+00   1.3970110e+00   0.0000000e+00   1.7868746e+00   2.1117609e+00   1.7218973e+00   1.2345679e+00   2.2742040e-01   1.5594542e+00   0.0000000e+00   3.2488629e-02   2.0467836e+00   2.0792723e+00   3.8986355e-01
   0.0000000e+00   7.1199715e-02   1.1747953e+00   3.5599858e-01   1.7087932e+00   1.6375934e+00   0.0000000e+00   3.5243859e+00   1.5663937e+00   1.8867925e+00   1.9935920e+00   0.0000000e+00   3.5599858e+00   3.2039872e+00   7.1199715e-01   1.9579922e+00   5.6959772e-01   2.6699893e+00   2.4919900e-01   0.0000000e+00   1.0323959e+00   1.7799929e+00   3.5599858e-02   0.0000000e+00   0.0000000e+00
   2.0114943e+00   0.0000000e+00   0.0000000e+00   0.0000000e+00   7.9022989e-01   1.8318966e+00   5.0287356e-01   1.6882184e+00   5.3879310e-01   2.0114943e+00   1.8678161e+00   2.0474138e+00   1.9396552e+00   1.6522989e+00   2.8735632e-01   1.1494253e+00   8.2614943e-01   1.6163793e+00   1.9755747e+00   0.0000000e+00   0.0000000e+00   0.0000000e+00   1.2571839e+00   8.9798851e-01   0.0000000e+00
   1.0683761e+00   1.3675214e+00   0.0000000e+00   0.0000000e+00   0.0000000e+00   2.1367521e+00   8.5470085e-02   0.0000000e+00   0.0000000e+00   0.0000000e+00   2.1367521e+00   2.1794872e+00   0.0000000e+00   1.2820513e-01   2.3076923e+00   2.7777778e+00   3.3333333e+00   2.9914530e-01   2.1794872e+00   6.4102564e-01   2.9914530e-01   5.5555556e-01   2.3504274e+00   8.1196581e-01   0.0000000e+00
   1.5476190e+00   0.0000000e+00   0.0000000e+00   0.0000000e+00   0.0000000e+00   1.7460317e+00   5.9523810e-01   3.9682540e-02   0.0000000e+00   1.0317460e+00   1.7063492e+00   2.5793651e+00   8.3333333e-01   7.5396825e-01   1.8253968e+00   2.8968254e+00   5.5555556e-01   1.3095238e+00   1.9047619e+00   1.1904762e-01   0.0000000e+00   0.0000000e+00   2.4206349e+00   1.2301587e+00   0.0000000e+00
   1.2698413e+00   0.0000000e+00   0.0000000e+00   0.0000000e+00   1.6269841e+00   2.0238095e+00   1.8650794e+00   3.9682540e-02   0.0000000e+00   2.1428571e+00   1.9444444e+00   2.9365079e+00   8.3333333e-01   7.9365079e-02   1.7460317e+00   2.3809524e+00   8.3333333e-01   1.7857143e+00   1.1904762e+00   8.3333333e-01   0.0000000e+00   0.0000000e+00   1.3492063e+00   1.8650794e+00   0.0000000e+00
   1.7901235e+00   0.0000000e+00   0.0000000e+00   0.0000000e+00   0.0000000e+00   1.7283951e+00   1.1728395e+00   9.2592593e-02   0.0000000e+00   1.5432099e+00   2.0061728e+00   2.2839506e+00   1.3580247e+00   0.0000000e+00   1.9753086e+00   5.2469136e-01   2.7777778e-01   1.7901235e+00   9.8765432e-01   9.2592593e-01   0.0000000e+00   0.0000000e+00   9.2592593e-01   1.7592593e+00   0.0000000e+00
   1.2987013e+00   0.0000000e+00   0.0000000e+00   0.0000000e+00   0.0000000e+00   1.8181818e+00   8.2251082e-01   0.0000000e+00   0.0000000e+00   1.3419913e+00   2.1645022e+00   3.0735931e+00   4.3290043e-02   4.3290043e-02   1.9480519e+00   1.5151515e+00   7.7922078e-01   1.2121212e+00   1.3419913e+00   6.4935065e-01   0.0000000e+00   0.0000000e+00   1.7748918e+00   1.6017316e+00   0.0000000e+00
   0.0000000e+00   0.0000000e+00   0.0000000e+00   0.0000000e+00   1.0721248e+00   1.4619883e+00   1.6244314e+00   1.2995452e-01   0.0000000e+00   1.5269656e+00   1.3970110e+00   1.7218973e+00   1.1695906e+00   0.0000000e+00   1.5269656e+00   2.2092268e+00   8.7719298e-01   1.7868746e+00   1.3645224e+00   1.3970110e+00   8.7719298e-01   0.0000000e+00   3.5737492e-01   1.1695906e+00   0.0000000e+00
   0.0000000e+00   1.0893246e-01   1.0893246e-01   0.0000000e+00   1.4705882e+00   1.3616558e+00   1.6339869e+00   1.9607843e+00   0.0000000e+00   2.0697168e+00   2.0697168e+00   2.0697168e+00   2.2331155e+00   2.1786492e-01   2.0697168e+00   2.1241830e+00   1.9607843e+00   8.7145969e-01   3.2135076e+00   9.8039216e-01   1.1437908e+00   7.6252723e-01   0.0000000e+00   4.3572985e-01   0.0000000e+00
   1.9452888e+00   0.0000000e+00   0.0000000e+00   0.0000000e+00   6.0790274e-01   2.3708207e+00   1.8237082e+00   6.0790274e-02   0.0000000e+00   2.3708207e+00   2.9787234e+00   2.9787234e+00   1.2765957e+00   1.2158055e-01   2.2492401e+00   7.9027356e-01   3.6474164e-01   2.4316109e+00   1.5197568e+00   1.0334347e+00   0.0000000e+00   0.0000000e+00   9.7264438e-01   1.9452888e+00   0.0000000e+00
   1.4732489e+00   0.0000000e+00   0.0000000e+00   0.0000000e+00   0.0000000e+00   1.7317136e+00   0.0000000e+00   0.0000000e+00   0.0000000e+00   7.2370121e-01   1.8092530e+00   2.4295684e+00   0.0000000e+00   0.0000000e+00   1.6541742e+00   1.1889377e+00   1.1889377e+00   8.2708710e-01   7.7539416e-02   1.7834066e+00   0.0000000e+00   0.0000000e+00   1.3698630e+00   1.7575601e+00   3.1015766e-01
   3.4246575e-01   2.6113014e+00   1.9263699e+00   0.0000000e+00   0.0000000e+00   2.3972603e+00   8.5616438e-01   1.4554795e+00   0.0000000e+00   0.0000000e+00   8.5616438e-01   0.0000000e+00   1.4126712e+00   8.5616438e-02   4.2808219e-02   0.0000000e+00   0.0000000e+00   2.0547945e+00   2.8681507e+00   1.4554795e+00   0.0000000e+00   0.0000000e+00   2.9965753e+00   4.7089041e-01   0.0000000e+00
   8.5870414e-01   2.4980484e+00   2.2638564e+00   0.0000000e+00   0.0000000e+00   2.2638564e+00   3.9032006e-02   1.1319282e+00   5.0741608e-01   0.0000000e+00   3.9032006e-01   2.7322404e-01   1.5222482e+00   1.6783763e+00   7.0257611e-01   0.0000000e+00   7.4160812e-01   2.6541764e+00   1.0928962e+00   5.4644809e-01   0.0000000e+00   0.0000000e+00   1.1319282e+00   0.0000000e+00   0.0000000e+00
   1.8043304e+00   2.6463512e+00   1.6840417e+00   0.0000000e+00   0.0000000e+00   2.2854852e+00   0.0000000e+00   1.6840417e+00   0.0000000e+00   0.0000000e+00   4.4105854e-01   0.0000000e+00   2.2854852e+00   2.1251002e+00   7.2173216e-01   0.0000000e+00   1.1627907e+00   2.6864475e+00   2.0048115e-01   2.4057739e-01   0.0000000e+00   0.0000000e+00   6.8163593e-01   0.0000000e+00   0.0000000e+00
   2.1337127e+00   1.6121385e+00   0.0000000e+00   0.0000000e+00   0.0000000e+00   8.0606923e-01   2.0862968e+00   2.3233760e+00   0.0000000e+00   0.0000000e+00   0.0000000e+00   0.0000000e+00   2.2759602e+00   4.2674253e-01   1.4224751e-01   0.0000000e+00   8.0606923e-01   3.4139403e+00   2.5130394e+00   1.7543860e+00   0.0000000e+00   0.0000000e+00   2.0862968e+00   6.6382172e-01   0.0000000e+00
   1.0389610e+00   2.1067821e+00   2.3665224e+00   4.9062049e-01   0.0000000e+00   1.0678211e+00   0.0000000e+00   5.7720058e-02   1.4430014e+00   0.0000000e+00   0.0000000e+00   2.0202020e-01   1.0678211e+00   2.0779221e+00   3.1746032e-01   0.0000000e+00   1.0966811e+00   2.3953824e+00   5.4834055e-01   8.0808081e-01   0.0000000e+00   0.0000000e+00   8.9466089e-01   0.0000000e+00   0.0000000e+00
   2.1558872e+00   2.8192371e+00   3.3167496e-01   0.0000000e+00   0.0000000e+00   1.1194030e+00   1.6583748e-01   1.2852405e+00   0.0000000e+00   0.0000000e+00   0.0000000e+00   0.0000000e+00   1.2437811e+00   8.2918740e-02   0.0000000e+00   0.0000000e+00   1.2437811e-01   2.6533997e+00   2.9436153e+00   2.2802653e+00   0.0000000e+00   3.3167496e-01   2.1558872e+00   8.2918740e-02   7.8772803e-01
   0.0000000e+00   1.5285326e+00   2.5135870e+00   0.0000000e+00   0.0000000e+00   2.0380435e+00   1.1888587e+00   1.5625000e+00   0.0000000e+00   0.0000000e+00   9.5108696e-01   6.7934783e-02   2.4116848e+00   2.1399457e+00   7.4728261e-01   0.0000000e+00   7.4728261e-01   2.2078804e+00   1.0190217e-01   5.4347826e-01   0.0000000e+00   0.0000000e+00   1.6983696e+00   0.0000000e+00   0.0000000e+00
   1.7683466e-01   2.5641026e+00   1.8125553e+00   0.0000000e+00   0.0000000e+00   2.5198939e+00   5.7471264e-01   1.7683466e+00   0.0000000e+00   0.0000000e+00   1.8125553e+00   0.0000000e+00   1.7241379e+00   1.6799293e+00   9.2838196e-01   0.0000000e+00   8.8417330e-02   3.7577365e+00   1.3262599e+00   3.9787798e-01   0.0000000e+00   1.3262599e-01   1.1494253e+00   0.0000000e+00   0.0000000e+00
   1.5347053e+00   2.3369376e+00   1.4998256e+00   0.0000000e+00   0.0000000e+00   9.0687129e-01   0.0000000e+00   1.4649459e+00   0.0000000e+00   0.0000000e+00   0.0000000e+00   0.0000000e+00   2.1276596e+00   2.1276596e+00   1.1161493e+00   0.0000000e+00   0.0000000e+00   1.4649459e+00   2.4415766e-01   8.3711196e-01   0.0000000e+00   0.0000000e+00   1.0812696e+00   0.0000000e+00   0.0000000e+00
   2.0000000e+00   2.4166667e+00   2.0000000e+00   0.0000000e+00   0.0000000e+00   0.0000000e+00   0.0000000e+00   2.3750000e+00   0.0000000e+00   0.0000000e+00   0.0000000e+00   1.8750000e+00   3.3750000e+00   2.0000000e+00   1.1250000e+00   0.0000000e+00   0.0000000e+00   2.0000000e+00   0.0000000e+00   0.0000000e+00   0.0000000e+00   0.0000000e+00   9.5833333e-01   0.0000000e+00   0.0000000e+00
   1.3495277e+00   1.9568151e+00   1.4844804e+00   0.0000000e+00   0.0000000e+00   1.4507422e+00   0.0000000e+00   1.7543860e+00   0.0000000e+00   0.0000000e+00   0.0000000e+00   0.0000000e+00   1.8218623e+00   1.8218623e+00   1.2820513e+00   0.0000000e+00   0.0000000e+00   1.6531714e+00   3.3738192e-01   5.0607287e-01   0.0000000e+00   0.0000000e+00   1.4507422e+00   0.0000000e+00   0.0000000e+00
   1.8124507e+00   2.3246651e+00   1.3790386e+00   0.0000000e+00   0.0000000e+00   7.0921986e-01   0.0000000e+00   1.8124507e+00   0.0000000e+00   0.0000000e+00   0.0000000e+00   0.0000000e+00   1.7730496e+00   0.0000000e+00   0.0000000e+00   0.0000000e+00   0.0000000e+00   1.6942474e+00   0.0000000e+00   0.0000000e+00   0.0000000e+00   0.0000000e+00   2.9156816e+00   2.3640662e+00   1.3002364e+00
   2.3540490e+00   2.8719397e+00   1.3182674e+00   0.0000000e+00   0.0000000e+00   8.9453861e-01   0.0000000e+00   1.7890772e+00   0.0000000e+00   0.0000000e+00   0.0000000e+00   0.0000000e+00   1.5536723e+00   0.0000000e+00   0.0000000e+00   0.0000000e+00   0.0000000e+00   2.0715631e+00   2.4482109e+00   1.5065913e+00   0.0000000e+00   9.4161959e-02   2.6836158e+00   7.0621469e-01   1.4124294e-01
   1.4732143e+00   2.9464286e+00   5.3571429e-01   0.0000000e+00   0.0000000e+00   2.1875000e+00   4.4642857e-02   1.6964286e+00   0.0000000e+00   0.0000000e+00   0.0000000e+00   0.0000000e+00   1.5178571e+00   0.0000000e+00   0.0000000e+00   0.0000000e+00   0.0000000e+00   2.3660714e+00   2.9464286e+00   1.5178571e+00   0.0000000e+00   0.0000000e+00   1.8750000e+00   8.9285714e-02   1.3392857e-01
   1.0775862e-01   2.3706897e+00   1.9935345e+00   0.0000000e+00   0.0000000e+00   2.2629310e+00   1.1853448e+00   1.7241379e+00   0.0000000e+00   0.0000000e+00   1.5625000e+00   0.0000000e+00   1.6163793e+00   8.6206897e-01   8.6206897e-01   0.0000000e+00   0.0000000e+00   2.4245690e+00   2.9633621e+00   1.1314655e+00   0.0000000e+00   0.0000000e+00   8.6206897e-01   5.3879310e-02   0.0000000e+00
   2.3515579e-01   2.4103469e+00   6.4667842e-01   0.0000000e+00   0.0000000e+00   3.2333921e+00   1.7636684e+00   1.8224574e+00   0.0000000e+00   0.0000000e+00   2.3515579e-01   0.0000000e+00   1.3521458e+00   0.0000000e+00   0.0000000e+00   0.0000000e+00   0.0000000e+00   1.9988242e+00   3.5861258e+00   1.2933568e+00   0.0000000e+00   0.0000000e+00   2.2339800e+00   7.0546737e-01   9.9941211e-01
   1.4393939e+00   2.2727273e+00   2.0075758e+00   0.0000000e+00   0.0000000e+00   5.3030303e-01   0.0000000e+00   2.0075758e+00   0.0000000e+00   0.0000000e+00   0.0000000e+00   0.0000000e+00   3.1818182e+00   2.0075758e+00   1.2121212e+00   0.0000000e+00   0.0000000e+00   1.7424242e+00   0.0000000e+00   0.0000000e+00   0.0000000e+00   0.0000000e+00   8.7121212e-01   0.0000000e+00   0.0000000e+00
   1.2003001e+00   2.4006002e+00   1.2003001e+00   0.0000000e+00   0.0000000e+00   1.2378095e+00   0.0000000e+00   1.8379595e+00   0.0000000e+00   0.0000000e+00   0.0000000e+00   7.5018755e-02   2.2505626e+00   2.1380345e+00   6.3765941e-01   0.0000000e+00   6.0015004e-01   2.4006002e+00   1.8754689e-01   1.2003001e+00   0.0000000e+00   0.0000000e+00   6.0015004e-01   0.0000000e+00   0.0000000e+00
   1.7407407e+00   2.3703704e+00   9.2592593e-01   0.0000000e+00   0.0000000e+00   7.4074074e-01   0.0000000e+00   1.7037037e+00   0.0000000e+00   0.0000000e+00   0.0000000e+00   1.1111111e-01   2.0740741e+00   1.6296296e+00   4.4444444e-01   0.0000000e+00   1.4814815e+00   2.5185185e+00   5.5555556e-01   1.4814815e+00   0.0000000e+00   0.0000000e+00   9.6296296e-01   0.0000000e+00   0.0000000e+00
   1.0864745e+00   2.1064302e+00   5.7649667e-01   0.0000000e+00   0.0000000e+00   9.7560976e-01   0.0000000e+00   1.3082040e+00   9.9778271e-01   1.1086475e+00   0.0000000e+00   7.3170732e-01   2.6385809e+00   6.8736142e-01   0.0000000e+00   0.0000000e+00   4.6563193e-01   1.0643016e+00   0.0000000e+00   0.0000000e+00   0.0000000e+00   0.0000000e+00   8.2039911e-01   0.0000000e+00   0.0000000e+00
   0.0000000e+00   5.6323605e-01   2.8161802e-01   0.0000000e+00   1.6129032e+00   1.2800819e+00   1.7409114e+00   1.5616999e+00   1.6385049e+00   1.6641065e+00   1.9201229e+00   0.0000000e+00   0.0000000e+00   2.5601639e-01   0.0000000e+00   1.5360983e+00   0.0000000e+00   0.0000000e+00   0.0000000e+00   0.0000000e+00   7.1684588e-01   0.0000000e+00   0.0000000e+00   0.0000000e+00   0.0000000e+00
   1.0101010e+00   8.3694084e-01   0.0000000e+00   0.0000000e+00   1.6738817e+00   1.9624820e+00   1.9336219e+00   1.6161616e+00   1.6738817e+00   6.3492063e-01   2.0490620e+00   0.0000000e+00   0.0000000e+00   0.0000000e+00   0.0000000e+00   2.0202020e+00   0.0000000e+00   0.0000000e+00   0.0000000e+00   0.0000000e+00   1.1255411e+00   0.0000000e+00   0.0000000e+00   0.0000000e+00   0.0000000e+00
   3.7774725e-01   5.1510989e-01   0.0000000e+00   3.4340659e-01   2.4725275e+00   2.2664835e+00   1.7170330e+00   1.6483516e+00   1.3392857e+00   1.2362637e+00   2.0947802e+00   0.0000000e+00   4.8076923e-01   9.2719780e-01   0.0000000e+00   1.7857143e+00   0.0000000e+00   0.0000000e+00   0.0000000e+00   0.0000000e+00   1.3049451e+00   0.0000000e+00   0.0000000e+00   0.0000000e+00   0.0000000e+00
   0.0000000e+00   0.0000000e+00   0.0000000e+00   2.4725275e-01   2.1978022e+00   1.9505495e+00   2.0329670e+00   1.5109890e+00   1.9505495e+00   2.7472527e-01   2.0879121e+00   0.0000000e+00   1.6483516e-01   5.4945055e-02   0.0000000e+00   1.9230769e+00   0.0000000e+00   0.0000000e+00   0.0000000e+00   0.0000000e+00   1.4285714e+00   0.0000000e+00   0.0000000e+00   0.0000000e+00   0.0000000e+00
   2.0120724e-01   5.7847082e-01   0.0000000e+00   2.0120724e-01   2.0875252e+00   1.9617706e+00   1.1569416e+00   1.5593561e+00   9.5573441e-01   1.5845070e+00   1.9617706e+00   0.0000000e+00   0.0000000e+00   4.5271630e-01   7.5452716e-02   1.6599598e+00   0.0000000e+00   0.0000000e+00   0.0000000e+00   0.0000000e+00   1.2072435e+00   0.0000000e+00   0.0000000e+00   0.0000000e+00   0.0000000e+00
   0.0000000e+00   0.0000000e+00   0.0000000e+00   4.1720991e-01   1.8774446e+00   1.6166884e+00   2.0078227e+00   1.6166884e+00   1.7470665e+00   5.4758801e-01   1.9556714e+00   0.0000000e+00   0.0000000e+00   0.0000000e+00   0.0000000e+00   1.6949153e+00   0.0000000e+00   0.0000000e+00   0.0000000e+00   0.0000000e+00   1.2516297e+00   0.0000000e+00   0.0000000e+00   0.0000000e+00   0.0000000e+00
   1.8081761e+00   1.8474843e+00   3.9308176e-02   7.4685535e-01   1.4937107e+00   2.3191824e+00   1.2185535e+00   2.2012579e+00   2.2405660e+00   7.4685535e-01   2.0440252e+00   0.0000000e+00   3.9308176e-01   1.2578616e+00   7.8616352e-02   1.8867925e+00   0.0000000e+00   0.0000000e+00   0.0000000e+00   0.0000000e+00   9.0408805e-01   0.0000000e+00   0.0000000e+00   0.0000000e+00   0.0000000e+00
   9.8039216e-01   2.0361991e+00   1.9230769e+00   0.0000000e+00   1.7345400e+00   2.4132730e+00   0.0000000e+00   1.8853695e+00   3.7707391e-02   2.0361991e+00   2.0361991e+00   0.0000000e+00   7.5414781e-01   2.2247360e+00   6.4102564e-01   1.6591252e+00   0.0000000e+00   0.0000000e+00   0.0000000e+00   0.0000000e+00   1.4328808e+00   0.0000000e+00   0.0000000e+00   0.0000000e+00   0.0000000e+00
   3.0721966e-01   1.9969278e+00   8.7045571e-01   0.0000000e+00   1.6385049e+00   1.8689196e+00   2.8161802e-01   1.2544803e+00   1.8433180e+00   1.4080901e+00   1.7153098e+00   0.0000000e+00   0.0000000e+00   0.0000000e+00   0.0000000e+00   1.6385049e+00   0.0000000e+00   0.0000000e+00   0.0000000e+00   0.0000000e+00   1.5873016e+00   0.0000000e+00   0.0000000e+00   0.0000000e+00   0.0000000e+00
   0.0000000e+00   0.0000000e+00   0.0000000e+00   1.5625000e-02   1.5312500e+00   1.2500000e-01   1.7343750e+00   1.4062500e-01   5.0000000e-01   1.5625000e+00   1.4218750e+00   5.7812500e-01   1.5937500e+00   1.3750000e+00   0.0000000e+00   1.5781250e+00   0.0000000e+00   1.5625000e-01   0.0000000e+00   0.0000000e+00   1.1093750e+00   0.0000000e+00   0.0000000e+00   0.0000000e+00   0.0000000e+00
   2.0833333e-01   1.1607143e+00   2.9761905e-02   4.1666667e-01   1.6369048e+00   2.0535714e+00   1.2797619e+00   1.8452381e+00   2.0833333e+00   2.6785714e-01   2.1428571e+00   0.0000000e+00   0.0000000e+00   0.0000000e+00   0.0000000e+00   1.7559524e+00   0.0000000e+00   0.0000000e+00   0.0000000e+00   0.0000000e+00   1.1309524e+00   0.0000000e+00   0.0000000e+00   0.0000000e+00   0.0000000e+00
   0.0000000e+00   9.1855481e-02   6.1236987e-02   3.0618494e-02   2.1432945e+00   8.8793631e-01   1.9902021e+00   1.5003062e+00   1.6840171e+00   7.6546234e-01   2.5719535e+00   3.0618494e-02   0.0000000e+00   0.0000000e+00   0.0000000e+00   2.1126761e+00   0.0000000e+00   0.0000000e+00   0.0000000e+00   0.0000000e+00   1.7146356e+00   0.0000000e+00   0.0000000e+00   0.0000000e+00   0.0000000e+00
   0.0000000e+00   8.9068826e-01   1.1875843e+00   0.0000000e+00   1.6464238e+00   6.7476383e-01   1.7273954e+00   1.1066127e+00   1.6734143e+00   1.4844804e+00   1.9973009e+00   5.3981107e-02   0.0000000e+00   0.0000000e+00   0.0000000e+00   1.7813765e+00   0.0000000e+00   0.0000000e+00   0.0000000e+00   0.0000000e+00   1.2415655e+00   0.0000000e+00   0.0000000e+00   0.0000000e+00   0.0000000e+00
   0.0000000e+00   0.0000000e+00   0.0000000e+00   0.0000000e+00   1.6491228e+00   3.5087719e-01   2.3157895e+00   1.8245614e+00   2.1052632e-01   1.8947368e+00   2.0000000e+00   2.1052632e-01   2.4561404e-01   1.7894737e+00   1.5438596e+00   1.9649123e+00   0.0000000e+00   0.0000000e+00   0.0000000e+00   0.0000000e+00   1.1929825e+00   0.0000000e+00   0.0000000e+00   0.0000000e+00   0.0000000e+00
   0.0000000e+00   6.5847234e-02   6.5847234e-02   0.0000000e+00   1.4486392e+00   3.0728709e-01   1.8437226e+00   1.9534680e+00   1.1194030e+00   1.4266901e+00   1.7559263e+00   6.5847234e-02   0.0000000e+00   4.8287972e-01   8.7796313e-02   1.4925373e+00   0.0000000e+00   0.0000000e+00   0.0000000e+00   0.0000000e+00   1.3169447e+00   0.0000000e+00   0.0000000e+00   0.0000000e+00   0.0000000e+00
   0.0000000e+00   0.0000000e+00   0.0000000e+00   5.9376546e-01   1.3854527e+00   2.0781791e+00   2.5729837e+00   1.3854527e+00   1.7812964e+00   5.4428501e-01   2.5729837e+00   0.0000000e+00   1.0390896e+00   1.9297378e+00   0.0000000e+00   2.2761009e+00   0.0000000e+00   0.0000000e+00   0.0000000e+00   0.0000000e+00   1.9297378e+00   0.0000000e+00   0.0000000e+00   0.0000000e+00   0.0000000e+00
   9.4043887e-01   2.3197492e+00   2.5078370e-01   9.0909091e-01   1.5987461e+00   2.2257053e+00   8.4639498e-01   1.0031348e+00   6.2695925e-02   1.6300940e+00   1.8808777e+00   0.0000000e+00   2.0689655e+00   2.0689655e+00   3.4482759e-01   1.7241379e+00   0.0000000e+00   0.0000000e+00   0.0000000e+00   0.0000000e+00   1.0031348e+00   0.0000000e+00   0.0000000e+00   0.0000000e+00   0.0000000e+00
   0.0000000e+00   3.0207135e-01   0.0000000e+00   0.0000000e+00   1.2082854e+00   1.7692750e+00   9.7813579e-01   1.3808976e+00   1.4384350e-02   1.4384350e+00   1.5966628e+00   0.0000000e+00   2.4453395e-01   1.0788262e+00   3.1645570e-01   1.3233602e+00   0.0000000e+00   0.0000000e+00   0.0000000e+00   0.0000000e+00   7.9113924e-01   0.0000000e+00   0.0000000e+00   0.0000000e+00   0.0000000e+00
   0.0000000e+00   3.8872692e-01   2.5915128e-01   2.9154519e-01   1.7492711e+00   1.8140590e+00   1.6520894e+00   1.8464529e+00   2.4619372e+00   4.8590865e-01   2.5267250e+00   0.0000000e+00   0.0000000e+00   0.0000000e+00   0.0000000e+00   2.1703920e+00   0.0000000e+00   0.0000000e+00   0.0000000e+00   0.0000000e+00   1.1661808e+00   0.0000000e+00   0.0000000e+00   0.0000000e+00   0.0000000e+00
   0.0000000e+00   7.3995772e-01   5.9901339e-01   0.0000000e+00   1.3918252e+00   4.0521494e-01   1.8322763e+00   6.6948555e-01   1.1804087e+00   6.5186751e-01   1.8322763e+00   1.7618041e-02   0.0000000e+00   0.0000000e+00   0.0000000e+00   1.5680056e+00   0.0000000e+00   0.0000000e+00   0.0000000e+00   0.0000000e+00   1.2332629e+00   0.0000000e+00   0.0000000e+00   0.0000000e+00   0.0000000e+00
   0.0000000e+00   0.0000000e+00   0.0000000e+00   1.5909091e+00   1.5151515e+00   0.0000000e+00   1.1363636e-01   8.7121212e-01   1.9318182e+00   0.0000000e+00   1.0984848e+00   2.3863636e+00   2.2727273e+00   2.5378788e+00   1.5151515e-01   2.2727273e+00   0.0000000e+00   1.3636364e+00   2.0833333e+00   1.5151515e-01   1.1742424e+00   0.0000000e+00   1.1363636e-01   9.8484848e-01   0.0000000e+00
   0.0000000e+00   1.3685239e+00   3.2258065e+00   2.4437928e+00   1.9550342e-01   1.0263930e+00   2.1016618e+00   1.4173998e+00   1.8084066e+00   2.2482893e+00   2.2482893e+00   4.8875855e-02   6.8426197e-01   1.6129032e+00   2.4926686e+00   2.1505376e+00   0.0000000e+00   0.0000000e+00   1.9061584e+00   2.3460411e+00   6.8426197e-01   0.0000000e+00   0.0000000e+00   0.0000000e+00   0.0000000e+00
   0.0000000e+00   0.0000000e+00   0.0000000e+00   1.1111111e+00   1.7777778e+00   0.0000000e+00   6.9444444e-01   1.8888889e+00   2.1944444e+00   2.2222222e-01   1.3055556e+00   1.4444444e+00   1.0555556e+00   1.6944444e+00   3.0555556e-01   1.6666667e+00   0.0000000e+00   1.3888889e+00   1.1944444e+00   2.2222222e-01   2.7777778e-01   0.0000000e+00   8.0555556e-01   1.4722222e+00   0.0000000e+00
   0.0000000e+00   0.0000000e+00   1.5291607e+00   2.8449502e+00   1.8492176e+00   3.5561878e-02   2.4182077e+00   1.3157895e+00   1.7069701e+00   1.7780939e+00   1.7425320e+00   7.4679943e-01   0.0000000e+00   1.4580370e+00   1.4580370e+00   1.8492176e+00   0.0000000e+00   0.0000000e+00   1.7425320e+00   1.6358464e+00   6.7567568e-01   0.0000000e+00   0.0000000e+00   1.0668563e+00   4.9786629e-01
   0.0000000e+00   1.9656020e-01   1.8181818e+00   2.5552826e+00   1.2285012e+00   4.9140049e-02   2.4078624e+00   1.1302211e+00   2.5552826e+00   2.4078624e+00   1.6216216e+00   7.3710074e-01   7.8624079e-01   1.0810811e+00   1.6216216e+00   2.1621622e+00   0.0000000e+00   9.8280098e-01   9.8280098e-01   1.6216216e+00   1.7690418e+00   0.0000000e+00   2.4570025e-01   2.6044226e+00   3.9312039e-01
   1.9753086e+00   2.3868313e+00   2.3456790e+00   2.9629630e+00   1.3168724e+00   2.0987654e+00   2.4691358e-01   1.8106996e+00   1.7695473e+00   5.3497942e-01   4.1152263e-02   5.7613169e-01   1.7695473e+00   4.5267490e-01   1.1111111e+00   0.0000000e+00   0.0000000e+00   1.6872428e+00   1.0288066e+00   6.5843621e-01   0.0000000e+00   0.0000000e+00   6.5843621e-01   2.0164609e+00   0.0000000e+00
   0.0000000e+00   0.0000000e+00   1.9187720e-01   2.5903422e+00   1.5989767e+00   0.0000000e+00   1.1832427e+00   2.3664854e+00   1.9187720e+00   1.8228334e+00   1.3111609e+00   1.3111609e+00   1.0233451e+00   7.3552926e-01   1.6629357e+00   2.2385673e+00   0.0000000e+00   2.2385673e-01   2.1426287e+00   5.4365206e-01   1.2152223e+00   0.0000000e+00   0.0000000e+00   0.0000000e+00   0.0000000e+00
   0.0000000e+00   0.0000000e+00   1.1556240e+00   2.4396507e+00   1.3097072e+00   0.0000000e+00   1.4381099e+00   1.2069851e+00   1.4637904e+00   1.5665126e+00   8.9881870e-01   1.1813046e+00   3.5952748e-01   1.9260401e+00   1.0785824e+00   1.9260401e+00   0.0000000e+00   0.0000000e+00   5.9065229e-01   0.0000000e+00   1.5921931e+00   0.0000000e+00   0.0000000e+00   0.0000000e+00   0.0000000e+00
   0.0000000e+00   0.0000000e+00   6.7164179e-01   2.7985075e+00   1.2313433e+00   0.0000000e+00   1.7537313e+00   2.3507463e+00   1.2686567e+00   1.7537313e+00   2.0895522e+00   9.7014925e-01   5.9701493e-01   8.9552239e-01   1.3805970e+00   1.4179104e+00   0.0000000e+00   2.2388060e-01   1.3805970e+00   1.6044776e+00   0.0000000e+00   0.0000000e+00   0.0000000e+00   1.6791045e+00   7.4626866e-01
   0.0000000e+00   4.4345898e-01   2.0694752e+00   2.9194383e+00   1.8107908e+00   7.7605322e-01   2.3281596e+00   6.6518847e-01   1.3673319e+00   1.7738359e+00   2.0694752e+00   3.6954915e-02   7.0214339e-01   7.0214339e-01   1.4412417e+00   1.7368810e+00   0.0000000e+00   5.1736881e-01   9.9778271e-01   1.5151515e+00   7.3909830e-01   0.0000000e+00   0.0000000e+00   2.1433851e+00   9.6082779e-01
   0.0000000e+00   0.0000000e+00   0.0000000e+00   2.2633745e+00   1.5432099e+00   0.0000000e+00   1.0288066e-01   2.0576132e+00   3.4979424e+00   1.1831276e+00   1.0288066e-01   2.6234568e+00   1.8518519e+00   1.0802469e+00   1.6975309e+00   2.2119342e+00   8.2304527e-01   6.1728395e-01   2.5205761e+00   1.0288066e+00   1.7489712e+00   0.0000000e+00   0.0000000e+00   1.1831276e+00   5.1440329e-02
   0.0000000e+00   0.0000000e+00   0.0000000e+00   1.3333333e+00   1.6969697e+00   0.0000000e+00   1.0101010e+00   2.3434343e+00   2.9898990e+00   1.3333333e+00   6.8686869e-01   2.0606061e+00   0.0000000e+00   1.8585859e+00   1.7777778e+00   2.1010101e+00   0.0000000e+00   0.0000000e+00   1.8181818e+00   1.7373737e+00   1.4545455e+00   0.0000000e+00   0.0000000e+00   1.6161616e+00   8.8888889e-01
   0.0000000e+00   0.0000000e+00   1.1250000e+00   2.9583333e+00   2.9166667e-01   4.1666667e-02   2.1666667e+00   2.2916667e+00   1.1666667e+00   1.9166667e+00   1.7083333e+00   7.0833333e-01   1.2916667e+00   3.7500000e-01   1.5000000e+00   1.9166667e+00   0.0000000e+00   8.7500000e-01   1.0416667e+00   1.5833333e+00   0.0000000e+00   0.0000000e+00   4.1666667e-02   2.2916667e+00   4.1666667e-01
   0.0000000e+00   9.4339623e-01   2.5269542e+00   2.7628032e+00   5.7277628e-01   1.2803235e+00   1.4150943e+00   1.7857143e+00   2.3584906e-01   1.7857143e+00   2.1226415e+00   0.0000000e+00   1.7183288e+00   1.6846361e-01   1.7520216e+00   1.8867925e+00   0.0000000e+00   2.0215633e-01   1.8194070e+00   6.7385445e-01   1.9878706e+00   2.6954178e-01   0.0000000e+00   0.0000000e+00   0.0000000e+00
   0.0000000e+00   0.0000000e+00   1.0055304e-01   2.0613374e+00   2.1116139e+00   0.0000000e+00   6.0331825e-01   2.7149321e+00   2.8154852e+00   2.4132730e+00   5.0276521e-01   2.5138260e+00   1.5082956e-01   2.0613374e+00   1.9607843e+00   2.6143791e+00   2.5138260e-01   0.0000000e+00   2.8657617e+00   1.6088487e+00   1.5082956e+00   0.0000000e+00   0.0000000e+00   6.0331825e-01   5.0276521e-02
   0.0000000e+00   0.0000000e+00   7.2413793e-01   2.5172414e+00   1.1724138e+00   0.0000000e+00   1.5862069e+00   2.1034483e+00   2.8275862e+00   1.1034483e+00   1.2413793e+00   1.2758621e+00   9.6551724e-01   1.4482759e+00   6.5517241e-01   2.0344828e+00   0.0000000e+00   5.1724138e-01   2.8965517e+00   1.0344828e-01   2.1379310e+00   0.0000000e+00   0.0000000e+00   4.4827586e-01   0.0000000e+00
   0.0000000e+00   0.0000000e+00   9.4545455e-01   2.4000000e+00   1.3454545e+00   0.0000000e+00   1.7090909e+00   1.4545455e+00   2.0000000e+00   1.8181818e+00   1.2000000e+00   1.1636364e+00   6.5454545e-01   1.1272727e+00   1.7454545e+00   2.0000000e+00   0.0000000e+00   5.8181818e-01   1.4545455e+00   1.7454545e+00   1.4909091e+00   0.0000000e+00   0.0000000e+00   1.4181818e+00   4.0000000e-01
   0.0000000e+00   0.0000000e+00   4.5918367e-01   2.6530612e+00   1.2755102e+00   0.0000000e+00   1.5306122e+00   3.5204082e+00   2.3469388e+00   1.1224490e+00   1.3775510e+00   1.9387755e+00   2.1428571e+00   0.0000000e+00   1.9897959e+00   2.6530612e+00   0.0000000e+00   2.1428571e+00   6.6326531e-01   1.3265306e+00   1.3775510e+00   0.0000000e+00   9.1836735e-01   2.4489796e+00   1.5306122e-01
   0.0000000e+00   1.5991471e-01   1.6257996e+00   2.2388060e+00   2.2121535e+00   1.5991471e-01   1.8923241e+00   1.8656716e-01   1.5991471e+00   1.3592751e+00   1.6257996e+00   1.8656716e-01   0.0000000e+00   1.5458422e+00   1.2793177e+00   1.6257996e+00   0.0000000e+00   0.0000000e+00   1.4925373e+00   1.3326226e+00   1.3326226e+00   5.3304904e-02   0.0000000e+00   1.7857143e+00   7.1961620e-01
   0.0000000e+00   7.7741408e-01   2.0049100e+00   2.0458265e+00   1.3911620e+00   1.0229133e+00   1.7594108e+00   8.5924714e-01   2.4140753e+00   9.4108020e-01   2.1685761e+00   0.0000000e+00   1.3911620e+00   6.9558101e-01   1.5548282e+00   1.9639935e+00   0.0000000e+00   8.1833061e-01   1.1865794e+00   1.5548282e+00   2.0049100e+00   0.0000000e+00   4.0916530e-02   2.0458265e+00   1.2274959e+00
   1.2426901e+00   0.0000000e+00   6.8226121e-01   6.3352827e-01   0.0000000e+00   1.5350877e+00   0.0000000e+00   1.0721248e+00   3.6549708e-01   0.0000000e+00   1.3888889e+00   1.9005848e+00   2.5097466e+00   1.7543860e+00   1.3645224e+00   0.0000000e+00   0.0000000e+00   1.1695906e+00   0.0000000e+00   0.0000000e+00   0.0000000e+00   0.0000000e+00   9.2592593e-01   0.0000000e+00   0.0000000e+00
   0.0000000e+00   0.0000000e+00   1.0176391e+00   3.3921303e-01   0.0000000e+00   1.4925373e+00   0.0000000e+00   1.2437811e+00   2.2614202e-01   0.0000000e+00   1.7412935e+00   6.7842605e-01   2.4423338e+00   1.4925373e+00   1.1533243e+00   1.1985527e+00   9.0456807e-01   1.2890095e+00   0.0000000e+00   0.0000000e+00   0.0000000e+00   0.0000000e+00   7.9149706e-01   0.0000000e+00   0.0000000e+00
   1.9396552e+00   4.7892720e-02   2.1551724e-01   8.8601533e-01   0.0000000e+00   1.5565134e+00   0.0000000e+00   7.1839080e-01   9.3390805e-01   4.7892720e-02   1.5325670e+00   1.6762452e+00   2.4185824e+00   1.5325670e+00   1.1973180e+00   0.0000000e+00   0.0000000e+00   1.1254789e+00   0.0000000e+00   0.0000000e+00   0.0000000e+00   0.0000000e+00   5.2681992e-01   0.0000000e+00   0.0000000e+00
   0.0000000e+00   0.0000000e+00   1.1559479e+00   6.3051702e-02   0.0000000e+00   1.4501892e+00   0.0000000e+00   1.2189996e+00   6.3051702e-02   0.0000000e+00   1.3451030e+00   6.3051702e-01   2.5641026e+00   1.5762926e+00   1.3240858e+00   1.4081547e+00   1.3240858e+00   1.1139134e+00   0.0000000e+00   2.1017234e-02   0.0000000e+00   0.0000000e+00   7.3560319e-01   0.0000000e+00   0.0000000e+00
   1.0458568e+00   0.0000000e+00   5.6315366e-01   0.0000000e+00   0.0000000e+00   9.6540628e-01   0.0000000e+00   1.0780370e+00   0.0000000e+00   1.6090105e-02   8.5277554e-01   0.0000000e+00   1.8503620e+00   1.9469027e+00   1.4802896e+00   9.3322607e-01   1.6411907e+00   1.2872084e+00   0.0000000e+00   0.0000000e+00   1.4320193e+00   2.8962188e-01   3.5398230e-01   0.0000000e+00   0.0000000e+00
   4.9130763e-01   0.0000000e+00   1.9274376e+00   0.0000000e+00   0.0000000e+00   2.2675737e+00   0.0000000e+00   2.0030234e+00   2.2675737e-01   3.7792895e-02   2.1541950e+00   1.7006803e+00   3.2123961e+00   2.0408163e+00   1.1337868e+00   2.2675737e-01   6.8027211e-01   1.5873016e+00   0.0000000e+00   0.0000000e+00   0.0000000e+00   0.0000000e+00   4.9130763e-01   0.0000000e+00   0.0000000e+00
   1.6290727e+00   0.0000000e+00   1.1278195e+00   0.0000000e+00   0.0000000e+00   1.6791980e+00   0.0000000e+00   1.4035088e+00   3.5087719e-01   2.5062657e-01   1.4035088e+00   1.8045113e+00   2.5313283e+00   1.5037594e+00   1.1528822e+00   0.0000000e+00   0.0000000e+00   1.2280702e+00   0.0000000e+00   0.0000000e+00   0.0000000e+00   0.0000000e+00   6.7669173e-01   0.0000000e+00   0.0000000e+00
   1.2617013e+00   0.0000000e+00   1.0378510e+00   0.0000000e+00   0.0000000e+00   1.4041514e+00   0.0000000e+00   1.6076516e+00   1.2413512e+00   6.1050061e-01   1.4448514e+00   1.6483516e+00   2.1774522e+00   4.2735043e-01   4.0700041e-01   0.0000000e+00   0.0000000e+00   1.1192511e+00   0.0000000e+00   0.0000000e+00   0.0000000e+00   0.0000000e+00   4.4770045e-01   0.0000000e+00   0.0000000e+00
   1.0273344e+00   0.0000000e+00   1.3392038e+00   0.0000000e+00   0.0000000e+00   1.3575491e+00   0.0000000e+00   1.2474775e+00   6.7877454e-01   5.3201247e-01   1.5593469e+00   1.4859659e+00   2.2197762e+00   8.4388186e-01   4.0359567e-01   0.0000000e+00   0.0000000e+00   1.0640249e+00   0.0000000e+00   0.0000000e+00   0.0000000e+00   0.0000000e+00   6.6042928e-01   0.0000000e+00   0.0000000e+00
   1.2301587e+00   0.0000000e+00   3.3730159e-01   0.0000000e+00   0.0000000e+00   1.2896825e+00   0.0000000e+00   1.3888889e+00   0.0000000e+00   0.0000000e+00   1.3095238e+00   3.9682540e-02   2.1031746e+00   1.6468254e+00   1.1309524e+00   1.2698413e+00   1.6071429e+00   1.5277778e+00   0.0000000e+00   0.0000000e+00   0.0000000e+00   0.0000000e+00   4.3650794e-01   0.0000000e+00   0.0000000e+00
   1.2865740e+00   0.0000000e+00   9.9605727e-01   6.2253580e-02   0.0000000e+00   1.2450716e+00   0.0000000e+00   1.2865740e+00   0.0000000e+00   0.0000000e+00   1.5355883e+00   6.4328699e-01   2.4071384e+00   1.7223490e+00   1.0790620e+00   8.7155011e-01   9.5455489e-01   1.0583109e+00   0.0000000e+00   0.0000000e+00   0.0000000e+00   0.0000000e+00   5.6028222e-01   0.0000000e+00   0.0000000e+00
   1.3199915e+00   0.0000000e+00   6.1741537e-01   0.0000000e+00   0.0000000e+00   1.3625719e+00   0.0000000e+00   1.5754737e+00   0.0000000e+00   0.0000000e+00   1.1922504e+00   0.0000000e+00   1.4690228e+00   0.0000000e+00   0.0000000e+00   1.2774111e+00   1.4903130e-01   2.1290185e+00   1.6393443e+00   1.3199915e+00   1.7457952e+00   1.6393443e+00   1.9161167e-01   0.0000000e+00   0.0000000e+00
   8.6055497e-01   0.0000000e+00   1.5630488e+00   0.0000000e+00   0.0000000e+00   1.8264840e+00   6.1468212e-01   2.4236038e+00   1.4576747e+00   8.6055497e-01   4.0393397e-01   7.2005620e-01   1.6859852e+00   0.0000000e+00   0.0000000e+00   0.0000000e+00   0.0000000e+00   1.4401124e+00   0.0000000e+00   0.0000000e+00   0.0000000e+00   0.0000000e+00   8.9567966e-01   0.0000000e+00   0.0000000e+00
   1.3343217e+00   0.0000000e+00   1.2972572e+00   1.4825797e-01   0.0000000e+00   1.4825797e+00   0.0000000e+00   1.6679021e+00   0.0000000e+00   0.0000000e+00   1.5567087e+00   0.0000000e+00   1.5937732e+00   1.9644181e+00   2.3350630e+00   2.1868050e+00   2.5945145e+00   2.9280949e+00   8.8954781e-01   3.7064492e-02   0.0000000e+00   0.0000000e+00   4.8183840e-01   0.0000000e+00   0.0000000e+00
   1.1215297e+00   0.0000000e+00   0.0000000e+00   0.0000000e+00   0.0000000e+00   9.5605810e-01   0.0000000e+00   1.1031440e+00   0.0000000e+00   3.3094319e-01   9.0090090e-01   0.0000000e+00   1.2686156e+00   2.0040449e+00   1.6547159e+00   1.1031440e+00   1.5995587e+00   2.2062879e+00   1.4708586e-01   0.0000000e+00   2.0592021e+00   4.9641478e-01   0.0000000e+00   0.0000000e+00   0.0000000e+00
   0.0000000e+00   0.0000000e+00   1.3559322e+00   2.4858757e-01   0.0000000e+00   9.7175141e-01   0.0000000e+00   1.6271186e+00   0.0000000e+00   0.0000000e+00   1.2881356e+00   0.0000000e+00   1.7627119e+00   1.6045198e+00   1.5141243e+00   1.7175141e+00   1.9661017e+00   1.4463277e+00   2.4858757e-01   0.0000000e+00   1.9661017e+00   4.5197740e-02   0.0000000e+00   0.0000000e+00   0.0000000e+00
   1.4455152e+00   0.0000000e+00   5.0037064e-01   2.5945145e-01   0.0000000e+00   1.3528540e+00   0.0000000e+00   1.2972572e+00   4.4477391e-01   7.5982209e-01   2.2609340e+00   1.4084507e+00   2.4277242e+00   1.3157895e+00   5.1890289e-01   2.5945145e-01   0.0000000e+00   1.4084507e+00   0.0000000e+00   0.0000000e+00   0.0000000e+00   0.0000000e+00   1.2045960e+00   0.0000000e+00   0.0000000e+00
   9.2202318e-01   0.0000000e+00   0.0000000e+00   0.0000000e+00   0.0000000e+00   1.0405690e+00   0.0000000e+00   8.0347734e-01   0.0000000e+00   4.3466807e-01   1.0537408e+00   5.1369863e-01   2.1469968e+00   1.5015806e+00   9.0885142e-01   1.5937829e+00   9.2202318e-01   1.1064278e+00   0.0000000e+00   0.0000000e+00   0.0000000e+00   0.0000000e+00   5.7955743e-01   0.0000000e+00   0.0000000e+00
   1.3793103e+00   0.0000000e+00   0.0000000e+00   0.0000000e+00   0.0000000e+00   1.5119363e+00   0.0000000e+00   1.3262599e+00   3.7135279e-01   0.0000000e+00   1.4588859e+00   2.1220159e-01   2.6259947e+00   1.8832891e+00   1.3527851e+00   1.9893899e+00   1.7241379e+00   1.5119363e+00   0.0000000e+00   0.0000000e+00   0.0000000e+00   0.0000000e+00   4.2440318e-01   0.0000000e+00   0.0000000e+00
   1.8341308e+00   3.5885167e-01   4.3859649e-01   1.1961722e-01   0.0000000e+00   1.3955343e+00   0.0000000e+00   1.3357257e+00   1.9936204e-02   0.0000000e+00   1.6945774e+00   9.9681021e-02   1.4154705e+00   1.5550239e+00   1.3357257e+00   2.3923445e-01   1.3157895e+00   2.1531100e+00   9.9681021e-02   0.0000000e+00   0.0000000e+00   0.0000000e+00   8.1738437e-01   0.0000000e+00   0.0000000e+00
   1.2606061e+00   1.4787879e+00   0.0000000e+00   6.5454545e-01   4.1212121e-01   1.2848485e+00   7.2727273e-01   1.9636364e+00   1.2363636e+00   1.7454545e+00   1.6484848e+00   1.7454545e+00   1.5030303e+00   0.0000000e+00   1.3575758e+00   5.3333333e-01   5.3333333e-01   1.2121212e+00   1.4545455e-01   1.2848485e+00   0.0000000e+00   0.0000000e+00   3.6363636e-01   1.8181818e+00   1.4545455e-01
   2.5736820e+00   7.0568701e-01   0.0000000e+00   6.6417601e-01   1.5359070e+00   1.6604400e+00   2.4491490e+00   5.3964301e-01   2.8227480e+00   1.9510170e+00   2.8227480e+00   4.1511000e-01   3.9850560e+00   2.9472810e+00   2.0755500e-01   3.2378580e+00   2.5736820e+00   9.5475301e-01   1.6604400e-01   0.0000000e+00   5.8115401e-01   9.9626401e-01   0.0000000e+00   0.0000000e+00   0.0000000e+00
   2.1590909e+00   1.7045455e+00   0.0000000e+00   0.0000000e+00   0.0000000e+00   1.8939394e+00   1.5151515e+00   2.7272727e+00   2.4621212e+00   4.5454545e-01   7.9545455e-01   2.2727273e+00   1.7424242e+00   3.7878788e-02   1.7424242e+00   1.5151515e+00   1.5151515e-01   5.6818182e-01   1.3257576e+00   1.5151515e+00   0.0000000e+00   0.0000000e+00   0.0000000e+00   1.0606061e+00   1.7045455e+00
   9.2592593e-01   1.0802469e+00   4.6296296e-01   2.3765432e+00   1.6049383e+00   1.6666667e+00   1.6975309e+00   2.4382716e+00   1.2345679e-01   1.2345679e+00   2.2222222e+00   2.1913580e+00   1.8518519e+00   1.5432099e-01   1.2654321e+00   2.0987654e+00   9.8765432e-01   6.1728395e-02   1.9444444e+00   1.9135802e+00   1.6975309e+00   0.0000000e+00   0.0000000e+00   0.0000000e+00   0.0000000e+00
   0.0000000e+00   2.2837370e+00   4.1522491e-01   0.0000000e+00   0.0000000e+00   0.0000000e+00   1.4532872e+00   1.7301038e+00   1.6262976e+00   8.9965398e-01   0.0000000e+00   1.6608997e+00   2.7681661e+00   1.8685121e+00   1.7301038e+00   1.4186851e+00   2.8719723e+00   5.8823529e-01   1.9377163e+00   1.5570934e+00   1.4532872e+00   3.4602076e-02   0.0000000e+00   0.0000000e+00   0.0000000e+00
   2.2108844e+00   2.4234694e+00   7.6530612e-01   1.4030612e+00   4.2517007e-02   1.7857143e+00   4.6768707e-01   3.4438776e+00   1.1479592e+00   1.7431973e+00   2.2959184e+00   2.8061224e+00   9.7789116e-01   1.2329932e+00   1.8707483e+00   8.5034014e-01   8.9285714e-01   0.0000000e+00   1.8707483e+00   1.6581633e+00   0.0000000e+00   0.0000000e+00   0.0000000e+00   5.5272109e-01   2.5510204e+00
   1.2199700e+00   4.6921922e-01   0.0000000e+00   1.6328829e+00   1.8205706e+00   1.0698198e+00   1.4076577e+00   1.2575075e+00   6.0060060e-01   9.3843844e-01   5.8183183e-01   7.1321321e-01   1.7642643e+00   0.0000000e+00   9.0090090e-01   1.1073574e+00   1.6704204e+00   9.7597598e-01   7.6951952e-01   1.2012012e+00   1.5953453e+00   2.0645646e-01   0.0000000e+00   8.0705706e-01   1.8768769e-01
   2.0438499e+00   7.8037904e-01   0.0000000e+00   1.0033445e+00   1.0776663e+00   1.5607581e+00   1.7837235e+00   1.3377926e+00   1.8208844e+00   1.6350799e+00   1.8952062e+00   1.7837235e+00   2.3782980e+00   1.1148272e-01   1.5607581e+00   2.1181717e+00   2.3411371e+00   1.5235972e+00   2.3782980e+00   2.6012635e-01   2.0810108e+00   1.1148272e-01   0.0000000e+00   0.0000000e+00   0.0000000e+00
   6.3559322e-01   8.8983051e-01   0.0000000e+00   1.0169492e+00   2.0762712e+00   2.8389831e+00   3.1355932e+00   1.7372881e+00   2.0762712e+00   1.7796610e+00   2.6271186e+00   1.9067797e+00   2.0338983e+00   4.2372881e-02   1.9915254e+00   2.3305085e+00   2.1610169e+00   2.2033898e+00   2.8389831e+00   7.2033898e-01   1.9067797e+00   1.3135593e+00   0.0000000e+00   0.0000000e+00   0.0000000e+00
   1.5077139e+00   8.7657784e-01   3.5063114e-01   2.4193548e+00   2.1739130e+00   1.8232819e+00   1.7882188e+00   2.4894811e+00   1.7531557e-01   1.7531557e+00   1.9635344e+00   1.5427770e+00   2.2089762e+00   1.1921459e+00   1.7180926e+00   2.1739130e+00   1.7531557e+00   0.0000000e+00   1.1220196e+00   2.1037868e-01   1.6479663e+00   1.7531557e+00   0.0000000e+00   0.0000000e+00   0.0000000e+00
   0.0000000e+00   0.0000000e+00   0.0000000e+00   1.6677496e+00   1.9276587e+00   2.2092268e+00   1.5377951e+00   1.0179770e+00   1.0179770e+00   1.9493177e+00   2.2092268e+00   3.4654538e-01   2.9023175e+00   1.4294997e+00   1.3861815e+00   1.8193632e+00   8.2304527e-01   1.6244314e+00   8.6636344e-02   0.0000000e+00   1.8193632e+00   1.6677496e+00   0.0000000e+00   0.0000000e+00   0.0000000e+00
   2.2314050e+00   1.7355372e+00   0.0000000e+00   0.0000000e+00   0.0000000e+00   1.9421488e+00   1.3223140e+00   1.2396694e+00   1.7355372e+00   9.0909091e-01   2.0661157e+00   1.8595041e+00   3.0578512e+00   6.1983471e-01   1.9834711e+00   1.9421488e+00   1.5289256e+00   1.6115702e+00   4.5454545e-01   1.8595041e+00   0.0000000e+00   0.0000000e+00   1.2396694e-01   2.1487603e+00   4.5454545e-01
   1.5625000e+00   1.9770408e+00   3.1887755e-02   0.0000000e+00   0.0000000e+00   1.6262755e+00   4.4642857e-01   1.5306122e+00   2.1683673e+00   1.6262755e+00   1.8176020e+00   2.8698980e-01   3.0293367e+00   4.7831633e-01   1.4987245e+00   2.5191327e+00   2.5829082e+00   2.2321429e-01   1.9451531e+00   1.4349490e+00   1.9770408e+00   6.3775510e-02   0.0000000e+00   0.0000000e+00   0.0000000e+00
   1.1707989e+00   1.9972452e+00   1.3774105e-01   1.7906336e+00   1.1707989e+00   2.4793388e+00   8.6088154e-01   2.7203857e+00   5.8539945e-01   1.6873278e+00   1.8250689e+00   2.7203857e+00   1.8595041e+00   3.7878788e-01   1.6184573e+00   2.9958678e+00   7.2314050e-01   0.0000000e+00   1.5840220e+00   1.1707989e+00   1.6184573e+00   0.0000000e+00   0.0000000e+00   0.0000000e+00   0.0000000e+00
   0.0000000e+00   0.0000000e+00   0.0000000e+00   1.3852814e+00   1.6623377e+00   1.3333333e+00   1.1255411e+00   1.1428571e+00   5.7142857e-01   1.1428571e+00   1.8528139e+00   1.2121212e+00   2.4242424e+00   5.5411255e-01   1.3160173e+00   1.3333333e+00   1.6450216e+00   1.7316017e-02   5.8874459e-01   1.2121212e-01   2.0259740e+00   3.9826840e-01   0.0000000e+00   0.0000000e+00   0.0000000e+00
   2.1673387e+00   1.1088710e+00   0.0000000e+00   0.0000000e+00   5.0403226e-02   2.1169355e+00   1.9657258e+00   0.0000000e+00   2.4193548e+00   2.3185484e+00   2.5201613e+00   9.0725806e-01   2.6209677e+00   1.4616935e+00   1.7137097e+00   2.8729839e+00   2.7217742e+00   3.2762097e+00   1.8649194e+00   7.5604839e-01   2.4193548e+00   1.2096774e+00   2.0161290e-01   9.5766129e-01   0.0000000e+00
   0.0000000e+00   0.0000000e+00   1.8018018e-01   2.1321321e+00   1.3513514e+00   2.2822823e+00   1.0810811e+00   1.7117117e+00   2.4024024e-01   1.2912913e+00   2.2222222e+00   1.6516517e+00   1.5015015e+00   0.0000000e+00   1.2912913e+00   2.3723724e+00   1.9519520e+00   1.5015015e+00   1.8918919e+00   1.0210210e+00   1.3813814e+00   5.4054054e-01   0.0000000e+00   0.0000000e+00   0.0000000e+00
   2.8944911e+00   9.8039216e-01   0.0000000e+00   0.0000000e+00   0.0000000e+00   1.8207283e+00   2.1008403e+00   2.1008403e+00   2.9411765e+00   1.5873016e+00   2.4276377e+00   2.6143791e+00   1.8674136e+00   0.0000000e+00   1.6806723e+00   2.4743231e+00   1.3071895e+00   2.1008403e+00   7.9365079e-01   1.6806723e+00   0.0000000e+00   0.0000000e+00   1.8674136e-01   2.1475257e+00   2.3342670e-01
   0.0000000e+00   0.0000000e+00   0.0000000e+00   6.4892927e-01   2.4659312e+00   2.2388060e+00   2.0441272e+00   2.5957171e-01   2.0441272e+00   1.2978585e+00   2.2388060e+00   2.5957171e-01   3.0499676e+00   4.2180402e-01   1.6547696e+00   2.3361454e+00   1.1680727e+00   1.3951979e+00   1.7845555e+00   6.1648280e-01   1.9143413e+00   1.3303050e+00   0.0000000e+00   0.0000000e+00   0.0000000e+00
   0.0000000e+00   0.0000000e+00   7.3099415e-02   1.7056530e+00   1.8274854e+00   2.3879142e+00   1.5350877e+00   1.6081871e+00   2.6803119e-01   1.2183236e+00   1.3401559e+00   1.1208577e+00   2.2417154e+00   1.2183236e-01   1.4132554e+00   1.4376218e+00   1.7300195e+00   1.4619883e-01   1.4376218e+00   3.4113060e-01   2.5584795e+00   2.6803119e-01   0.0000000e+00   0.0000000e+00   0.0000000e+00
   0.0000000e+00   0.0000000e+00   0.0000000e+00   0.0000000e+00   9.7560976e-01   0.0000000e+00   0.0000000e+00   0.0000000e+00   0.0000000e+00   1.1544715e+00   0.0000000e+00   0.0000000e+00   0.0000000e+00   0.0000000e+00   1.2682927e+00   2.3577236e+00   2.4390244e-01   0.0000000e+00   1.6260163e-02   1.4146341e+00   1.7560976e+00   1.3008130e+00   1.2357724e+00   1.4634146e+00   3.5772358e-01
   1.0250972e+00   6.3626723e-01   0.0000000e+00   4.9487451e-01   1.9088017e+00   1.8381053e+00   1.5906681e+00   0.0000000e+00   7.0696359e-02   1.6967126e+00   2.1562390e+00   1.6967126e+00   0.0000000e+00   3.1813362e-01   1.3432308e+00   9.8974903e-01   2.8985507e+00   3.8882998e-01   1.6613644e+00   1.0604454e-01   0.0000000e+00   7.0696359e-02   1.8734535e+00   1.4846235e+00   0.0000000e+00
   0.0000000e+00   0.0000000e+00   0.0000000e+00   0.0000000e+00   1.4349490e+00   1.8813776e+00   1.4668367e+00   0.0000000e+00   0.0000000e+00   1.6900510e+00   1.6900510e+00   1.4349490e+00   0.0000000e+00   0.0000000e+00   1.7219388e+00   3.7308673e+00   2.6147959e+00   3.5076531e-01   1.0522959e+00   1.0204082e+00   1.3392857e+00   1.2755102e-01   1.6262755e+00   1.8176020e+00   0.0000000e+00
   0.0000000e+00   0.0000000e+00   0.0000000e+00   0.0000000e+00   1.8604651e+00   1.2684989e+00   8.4566596e-01   0.0000000e+00   0.0000000e+00   2.1141649e+00   2.2832981e+00   1.8181818e+00   0.0000000e+00   0.0000000e+00   2.1564482e+00   2.2410148e+00   2.6638478e+00   9.3023256e-01   6.7653277e-01   1.5644820e+00   0.0000000e+00   1.2684989e-01   1.1839323e+00   2.1564482e+00   1.2684989e-01
   1.5692308e+00   1.3230769e+00   0.0000000e+00   0.0000000e+00   1.4769231e+00   1.6923077e+00   1.4461538e+00   0.0000000e+00   0.0000000e+00   1.8153846e+00   2.7384615e+00   2.5538462e+00   9.2307692e-02   0.0000000e+00   1.5076923e+00   1.8769231e+00   1.1692308e+00   1.9076923e+00   3.0769231e-02   1.5384615e+00   0.0000000e+00   0.0000000e+00   3.3846154e-01   2.1846154e+00   5.8461538e-01
   1.9672131e+00   1.5737705e+00   0.0000000e+00   0.0000000e+00   9.8360656e-01   1.7049180e+00   1.5081967e+00   0.0000000e+00   0.0000000e+00   1.8360656e+00   2.5245902e+00   2.1639344e+00   0.0000000e+00   0.0000000e+00   1.6721311e+00   9.1803279e-01   1.9016393e+00   9.8360656e-01   7.2131148e-01   1.0819672e+00   0.0000000e+00   0.0000000e+00   1.4098361e+00   2.0327869e+00   0.0000000e+00
   0.0000000e+00   0.0000000e+00   0.0000000e+00   0.0000000e+00   1.7454545e+00   7.2727273e-01   2.9090909e-01   0.0000000e+00   0.0000000e+00   2.0727273e+00   2.0363636e+00   1.6363636e+00   0.0000000e+00   0.0000000e+00   2.0363636e+00   2.4727273e+00   2.7272727e+00   5.0909091e-01   1.0909091e-01   1.8545455e+00   1.3090909e+00   9.4545455e-01   1.6000000e+00   2.1454545e+00   5.8181818e-01
   0.0000000e+00   0.0000000e+00   0.0000000e+00   8.6090934e-01   1.1299435e+00   0.0000000e+00   0.0000000e+00   0.0000000e+00   5.3806833e-02   2.0446597e+00   1.8294323e+00   1.5873016e+00   0.0000000e+00   0.0000000e+00   1.7487221e+00   2.5558246e+00   2.6096314e+00   2.4213075e-01   2.9593758e-01   1.6680118e+00   6.4568200e-01   1.4527845e+00   1.3182674e+00   1.5065913e+00   5.3806833e-02
   0.0000000e+00   0.0000000e+00   0.0000000e+00   1.5964240e-01   1.6922095e+00   1.2452107e+00   4.4699872e-01   0.0000000e+00   0.0000000e+00   2.1392082e+00   2.1711367e+00   1.6283525e+00   0.0000000e+00   0.0000000e+00   1.9476373e+00   2.6500639e+00   2.8416347e+00   8.9399745e-01   7.6628352e-01   1.6283525e+00   1.4048531e+00   4.4699872e-01   7.9821201e-01   1.4367816e+00   9.5785441e-02
   0.0000000e+00   0.0000000e+00   0.0000000e+00   0.0000000e+00   1.9090909e+00   0.0000000e+00   0.0000000e+00   0.0000000e+00   0.0000000e+00   2.0303030e+00   1.3636364e+00   1.4242424e+00   0.0000000e+00   0.0000000e+00   1.9393939e+00   2.3333333e+00   1.9090909e+00   3.0303030e-02   2.1212121e-01   1.9393939e+00   6.3636364e-01   1.2727273e+00   1.5757576e+00   2.0000000e+00   6.6666667e-01
   1.3071895e-01   1.7429194e-01   0.0000000e+00   0.0000000e+00   2.2222222e+00   2.3529412e+00   2.2657952e+00   4.3572985e-02   0.0000000e+00   2.3093682e+00   2.9193900e+00   2.8758170e+00   9.1503268e-01   0.0000000e+00   2.2657952e+00   1.6993464e+00   2.5272331e+00   2.1350763e+00   8.2788671e-01   1.8736383e+00   4.3572985e-02   1.0893246e+00   4.3572985e-02   2.2657952e+00   7.4074074e-01
   0.0000000e+00   0.0000000e+00   0.0000000e+00   0.0000000e+00   1.5557762e+00   6.6203244e-02   1.3240649e-01   0.0000000e+00   0.0000000e+00   2.0523006e+00   2.2178087e+00   2.0191989e+00   0.0000000e+00   0.0000000e+00   1.8536908e+00   2.9129427e+00   1.7874876e+00   0.0000000e+00   3.9721946e-01   1.5888779e+00   5.6272757e-01   1.4895730e+00   1.7543860e+00   1.7874876e+00   9.9304866e-02
   0.0000000e+00   0.0000000e+00   0.0000000e+00   0.0000000e+00   1.9607843e+00   3.9215686e-01   3.4858388e-01   0.0000000e+00   0.0000000e+00   2.3093682e+00   2.4400871e+00   2.0043573e+00   0.0000000e+00   4.3572985e-02   2.0915033e+00   2.3965142e+00   2.0915033e+00   0.0000000e+00   1.4379085e+00   1.0021786e+00   1.4379085e+00   2.3965142e+00   2.2657952e+00   1.7864924e+00   0.0000000e+00
   0.0000000e+00   0.0000000e+00   0.0000000e+00   0.0000000e+00   1.7968333e+00   0.0000000e+00   0.0000000e+00   0.0000000e+00   0.0000000e+00   1.3342822e+00   1.2097492e+00   4.8034158e-01   0.0000000e+00   0.0000000e+00   1.4232343e+00   1.4943960e+00   1.1207970e+00   0.0000000e+00   0.0000000e+00   1.4232343e+00   1.1385874e+00   1.5299769e+00   1.2809109e+00   1.4232343e+00   4.2697029e-01
   0.0000000e+00   0.0000000e+00   0.0000000e+00   0.0000000e+00   2.0851819e+00   8.8731145e-01   1.4196983e+00   0.0000000e+00   0.0000000e+00   2.5288376e+00   2.4844720e+00   1.4640639e+00   7.5421473e-01   0.0000000e+00   2.4844720e+00   2.5732032e+00   2.4401065e+00   1.3309672e+00   3.5492458e-01   2.0851819e+00   1.3309672e-01   1.5084295e+00   1.5084295e+00   2.2182786e+00   3.1055901e-01
   0.0000000e+00   0.0000000e+00   0.0000000e+00   0.0000000e+00   1.2715517e+00   4.5258621e-01   0.0000000e+00   0.0000000e+00   0.0000000e+00   1.3146552e+00   2.9310345e+00   6.8965517e-01   0.0000000e+00   0.0000000e+00   1.4008621e+00   1.2715517e+00   2.0043103e+00   4.3103448e-02   1.2931034e-01   1.4439655e+00   0.0000000e+00   3.6637931e-01   1.6594828e+00   1.7672414e+00   1.5086207e-01
   0.0000000e+00   0.0000000e+00   0.0000000e+00   7.0707071e-01   1.6161616e+00   2.0707071e+00   1.6161616e+00   0.0000000e+00   4.5454545e-01   1.8686869e+00   2.6262626e+00   2.1717172e+00   0.0000000e+00   8.5858586e-01   1.4646465e+00   6.0606061e-01   2.2727273e+00   1.4141414e+00   1.2121212e+00   1.2121212e+00   0.0000000e+00   0.0000000e+00   1.2626263e+00   2.6262626e+00   3.0303030e-01
   4.5454545e-01   3.4090909e-01   0.0000000e+00   6.2500000e-01   1.5909091e+00   2.3295455e+00   2.3863636e+00   0.0000000e+00   9.0909091e-01   1.8181818e+00   2.4431818e+00   2.0454545e+00   0.0000000e+00   1.0795455e+00   1.3636364e+00   2.6136364e+00   2.9545455e+00   3.4090909e-01   1.7045455e+00   7.9545455e-01   3.4090909e-01   1.1363636e+00   2.1590909e+00   2.2159091e+00   0.0000000e+00
   0.0000000e+00   0.0000000e+00   0.0000000e+00   0.0000000e+00   1.6129032e+00   1.0997067e+00   5.3152493e-01   0.0000000e+00   4.7653959e-01   7.3313783e-01   1.2829912e+00   9.7140762e-01   0.0000000e+00   9.5307918e-01   1.8328446e-01   1.7778592e+00   1.1730205e+00   0.0000000e+00   1.0997067e+00   0.0000000e+00   1.7045455e+00   2.0527859e+00   1.6678886e+00   2.0527859e+00   0.0000000e+00
   8.2317073e-01   7.0121951e-01   0.0000000e+00   0.0000000e+00   1.1585366e+00   1.5548780e+00   1.0670732e+00   0.0000000e+00   0.0000000e+00   1.3414634e+00   1.2195122e+00   1.1280488e+00   0.0000000e+00   3.0487805e-02   1.6463415e+00   2.5914634e+00   1.1280488e+00   1.6158537e+00   2.4085366e+00   9.4512195e-01   1.6768293e+00   2.2256098e+00   8.5365854e-01   0.0000000e+00   0.0000000e+00
