   9.9999993e-01   1.8109643e-15   3.1560369e-38   2.8956461e-26   7.8304017e-18   1.0272120e-32   8.4492969e-18   1.2645505e-12   7.0744338e-08   9.5798428e-34
   9.9999995e-01   8.5899492e-18   2.6366715e-42   4.1887044e-29   3.7489213e-19   5.3363785e-40   1.7229249e-18   7.7315874e-18   5.0716062e-08   2.6480600e-37
   9.9999998e-01   1.0603899e-14   6.7588434e-39   6.8515244e-26   1.3167305e-18   4.8439809e-34   5.1272353e-18   2.9026178e-12   2.4409869e-08   9.4206985e-34
   9.9999999e-01   1.8447264e-12   7.9675226e-38   1.2284081e-23   9.0806541e-17   6.9627553e-32   5.4249306e-18   8.5259498e-09   1.3842155e-09   6.1874815e-32
   1.0000000e+00   2.8128958e-15   2.0388021e-41   2.9695790e-27   2.3589137e-19   3.2467131e-37   4.0467987e-19   8.2201534e-14   5.2602946e-10   1.0590754e-35
   9.9999999e-01   1.9312206e-13   3.1421787e-36   2.5126243e-24   4.2772463e-14   7.2051580e-29   1.7414384e-17   6.1889242e-09   8.9188699e-10   1.4791910e-32
   9.9989067e-01   2.5226579e-14   5.8650132e-37   1.4496067e-25   5.6999304e-13   8.8024255e-36   9.0021864e-13   4.1488782e-16   1.0932646e-04   4.3667816e-34
   9.9999892e-01   6.7032658e-07   1.8538316e-39   1.8143192e-16   1.8047555e-13   1.5381573e-36   5.6339172e-17   3.8798830e-07   1.6708073e-08   1.7227400e-25
   7.1057415e-29   2.0161135e-22   1.9201715e-41   8.7964206e-05   6.2703747e-27   2.2223289e-39   8.6319740e-36   3.6015839e-16   5.5093923e-29   9.9991204e-01
   9.9999839e-01   4.8216255e-09   8.6227146e-39   2.8265741e-14   4.2247500e-09   7.2899418e-33   2.0678756e-18   1.5933872e-06   1.2332525e-08   2.6102775e-21
   6.4908857e-13   7.7133206e-02   5.0601482e-34   9.2250166e-01   3.4392260e-16   2.7823511e-31   3.8494174e-19   3.6510070e-04   3.5017821e-16   3.7817309e-08
   4.0729206e-10   9.9999210e-01   1.0983055e-27   5.4371772e-15   4.3870220e-21   2.3749954e-30   5.8100495e-10   7.8992802e-06   1.3087963e-10   3.4814106e-25
   1.7060628e-08   1.7293774e-01   2.1239719e-15   8.8466261e-11   5.6926460e-04   1.8760933e-15   8.2649292e-01   8.9105114e-10   5.7357150e-08   4.2350224e-19
   8.2026173e-13   9.9999961e-01   1.8156042e-23   1.1332480e-12   1.0294246e-12   8.1631507e-24   3.8869470e-07   6.7020818e-11   3.4129786e-13   2.5562668e-22
   7.1300182e-17   1.3714055e-04   2.8715503e-34   9.9983792e-01   1.0921179e-18   1.5937088e-30   1.5434971e-22   2.1585316e-05   1.6053631e-20   3.3568480e-06
   9.3816895e-01   7.9223558e-14   7.5095451e-34   4.1835155e-26   2.2865999e-16   1.4581391e-32   1.3251676e-10   1.6617635e-15   6.1831046e-02   3.6372561e-34
   1.2657638e-12   6.7855710e-01   1.0245375e-33   2.8265291e-01   3.7203339e-16   3.4959746e-30   2.6839580e-19   3.8789984e-02   1.0414774e-16   1.2992912e-09
   5.8564724e-02   9.4124724e-01   2.2947520e-35   7.5534793e-11   4.4971507e-12   1.7664718e-32   2.2827354e-13   1.8790292e-04   1.3356439e-07   8.3505451e-20
   1.3444920e-17   9.9999967e-01   1.1614915e-30   3.2986478e-07   1.3955200e-19   4.0353864e-31   1.3433319e-16   4.0532024e-09   3.3611576e-19   3.3250000e-17
   2.5774088e-14   7.3741839e-01   1.5653533e-11   2.4672609e-03   2.9663570e-10   2.1804757e-01   1.0705832e-12   4.2066777e-02   1.8393702e-18   3.3847139e-09
   7.1597658e-24   1.2035402e-10   9.9998646e-01   4.9478758e-22   4.5142443e-24   9.6150680e-12   1.3542992e-05   1.1453525e-19   1.8486234e-20   2.5217010e-30
   5.9449795e-37   8.6143687e-29   1.0000000e+00   2.2462815e-40   3.1307077e-33   3.3860210e-09   9.9236962e-18   8.4152191e-36   7.4216680e-34   4.1374062e-48
   3.8979746e-22   5.0139483e-15   4.0658521e-05   6.0667450e-29   2.3952227e-22   2.8316674e-15   9.9995934e-01   1.4405992e-24   4.8019247e-18   1.6828592e-37
   9.3466830e-22   2.0901725e-13   8.4283274e-01   2.6876373e-27   7.7036157e-22   1.3590551e-10   1.5716726e-01   5.4832480e-22   2.1919118e-18   3.9727450e-36
   6.6335427e-32   1.8793185e-20   1.0000000e+00   5.8146755e-32   5.1783239e-31   7.0931369e-15   4.1802992e-12   1.0364344e-28   3.6663667e-28   3.3585402e-40
   1.3140379e-33   4.8738717e-24   9.9998378e-01   6.4967979e-37   8.6587173e-33   1.6218222e-05   7.7833775e-16   7.1265608e-31   1.6597039e-31   5.0585156e-45
   7.6490484e-20   9.6316124e-08   9.6276159e-01   2.1034692e-17   2.6924537e-21   4.6021743e-15   3.7238318e-02   1.0450113e-15   6.9667535e-15   1.6687040e-25
   1.9910765e-13   8.5107912e-06   6.6073928e-04   7.2950205e-11   1.6222195e-16   6.8779495e-17   9.9932668e-01   2.1282628e-10   4.0651841e-06   2.9103816e-17
   1.7114894e-13   3.6682500e-03   9.4234427e-01   7.8932355e-06   5.1318069e-15   5.0155785e-14   5.3978685e-02   7.3416349e-07   1.6306732e-07   3.8440775e-12
   2.7747229e-41   6.8296216e-35   9.9999911e-01   9.2281817e-43   3.5770914e-34   8.9454155e-07   5.6561460e-23   2.4222464e-40   3.6962641e-37   4.0862406e-48
   3.7087910e-22   1.1714933e-14   5.8035146e-42   9.9999961e-01   4.4820523e-26   1.3036781e-43   3.3575157e-29   2.5949829e-11   1.0219580e-21   3.8639775e-07
   7.3073265e-10   1.1188703e-01   7.6433952e-15   1.7947220e-06   9.8895053e-13   2.4331770e-17   2.0985549e-07   8.8811088e-01   8.3673647e-08   3.7747130e-15
   6.1733668e-21   5.4617636e-13   1.7863855e-40   1.0000000e+00   5.4788511e-23   8.0057518e-42   1.4569155e-26   1.2909748e-12   3.0051880e-20   2.1188723e-09
   3.1977094e-19   1.9430703e-12   1.4229921e-40   9.9999996e-01   4.1254598e-23   2.1309400e-42   5.4533571e-26   3.9092865e-11   2.4523990e-18   3.8037017e-08
   4.9269402e-33   8.2648767e-23   1.0949952e-42   4.1628384e-04   4.8367123e-32   2.9331901e-44   4.7450722e-37   2.1721903e-19   3.8291298e-32   9.9958372e-01
   2.8996105e-29   7.1308661e-17   5.6266252e-40   1.6694903e-01   5.1666409e-30   1.1316625e-41   8.0101691e-33   1.7621993e-15   4.6535650e-29   8.3305097e-01
   4.3525342e-10   7.3924852e-18   3.2969804e-37   3.7416566e-24   2.3978406e-23   5.0608425e-41   1.0226112e-15   1.3188056e-19   1.0000000e+00   4.0164307e-30
   3.7944376e-03   1.7403187e-05   9.1351036e-30   5.8946959e-05   1.3469761e-08   6.4125869e-30   3.4982614e-11   5.7749585e-07   9.9612862e-01   1.7168979e-09
   2.6865683e-09   3.4354617e-06   1.1974460e-34   9.9955230e-01   2.8247123e-15   3.4024686e-36   5.5222015e-18   4.4420955e-04   1.8648121e-08   3.4691840e-08
   6.1128716e-15   1.0343568e-08   3.6950970e-34   4.0383212e-08   1.6915839e-22   2.6173572e-33   9.1842613e-23   9.9999995e-01   1.0021332e-16   5.4016761e-16
   2.7654038e-03   5.4622399e-13   2.6937008e-28   5.1990648e-22   9.9721718e-01   4.8265928e-25   8.6624833e-09   5.3535924e-14   1.7403188e-05   5.2813323e-30
   1.4637059e-07   1.4754149e-14   5.3332830e-37   2.0269489e-18   9.9999985e-01   1.9975806e-34   4.0895853e-17   5.9237492e-15   6.1468188e-11   8.4017256e-26
   1.1300196e-08   1.7317779e-18   2.7802017e-34   1.1589158e-25   9.9999999e-01   4.1020985e-28   4.4543142e-18   1.1057695e-15   4.7699942e-14   7.6403278e-34
   1.9321601e-07   2.2410406e-03   3.0914559e-16   7.6014708e-13   9.9456762e-01   1.6878415e-04   3.2549820e-08   3.0223314e-03   2.0797839e-12   4.4509716e-22
   9.9464824e-01   7.3364503e-07   9.0186586e-19   3.5621970e-16   2.1483917e-04   1.2204723e-10   1.0984869e-05   8.3011732e-06   5.1168990e-03   3.1388205e-23
   2.0195977e-01   5.0429290e-13   2.3164166e-30   2.6869440e-18   7.9767259e-01   1.5179401e-27   1.1092750e-12   8.9350597e-10   3.6764089e-04   1.0342316e-25
   6.2121442e-10   6.2355086e-13   1.8162996e-16   4.3377145e-22   9.9999021e-01   9.7823885e-06   5.3110977e-09   1.3971578e-12   7.2324098e-13   3.0811953e-30
   1.3180434e-15   8.8639793e-21   4.1616462e-39   6.3630778e-24   1.0000000e+00   1.0987391e-35   1.5938265e-22   3.1285125e-20   1.3355360e-18   2.1579488e-31
   1.1501457e-16   1.1903091e-21   1.8101701e-34   2.4856913e-26   1.0000000e+00   3.1662968e-26   3.1668301e-23   6.7071318e-18   1.2111276e-21   2.5690913e-34
   1.7451665e-07   1.0896233e-14   3.8703099e-20   1.6744087e-21   9.9999976e-01   5.2396278e-08   6.1192083e-14   1.5659144e-08   7.1068064e-13   2.8357315e-29
   2.6676073e-41   3.9447112e-36   6.7605019e-18   9.5693059e-43   4.9780418e-34   1.0000000e+00   1.4555957e-32   9.9288926e-37   2.0766222e-41   6.5862842e-49
   8.1094718e-36   5.6797553e-34   8.0066487e-19   1.6908735e-42   8.6149214e-30   1.0000000e+00   3.8303042e-28   4.9245676e-34   4.9425125e-36   1.5417772e-49
   8.8891122e-13   4.6233169e-14   4.5084009e-18   8.1034488e-22   1.0000000e+00   1.0849786e-09   1.6938910e-10   9.2748812e-15   8.5163421e-15   9.7512288e-30
   3.6421395e-27   3.6458486e-25   9.3566080e-06   2.8350538e-33   1.0739696e-20   9.9999064e-01   2.7136540e-17   2.5154151e-25   5.5858919e-26   1.0931696e-40
   5.0046354e-16   6.2173791e-16   3.5705417e-10   6.8447808e-23   3.1189914e-08   9.9999997e-01   1.2693754e-10   6.1107440e-16   9.2257653e-16   8.4486569e-30
   1.0795975e-25   5.4448878e-16   1.1570276e-06   2.6842136e-11   9.2864937e-16   9.9999884e-01   3.5609972e-21   7.1499459e-13   1.4861691e-25   4.3466914e-14
   3.1332723e-24   3.9847695e-15   4.1316250e-08   3.2455258e-14   1.7013031e-16   9.9999996e-01   1.4978870e-19   1.5745425e-12   3.0063303e-24   2.9407038e-19
   9.9657974e-42   1.0791194e-36   2.7371940e-14   5.7793424e-44   9.8129962e-36   1.0000000e+00   8.1640255e-33   1.1779386e-36   2.3576364e-42   9.9815896e-50
   2.3068971e-40   6.1673139e-37   1.0709219e-12   2.2418594e-45   3.0293898e-33   1.0000000e+00   8.2175788e-31   1.8568653e-37   2.7737273e-41   2.5308815e-51
   2.0228573e-41   3.8225877e-35   2.6633917e-17   5.3126238e-42   3.1273862e-35   1.0000000e+00   1.1427078e-32   9.7949532e-36   9.0175208e-42   3.0049681e-48
   5.2317000e-19   2.2908241e-17   1.4400972e-25   2.0158923e-31   5.3939110e-23   3.1961336e-30   1.0000000e+00   6.4044379e-25   8.1374589e-15   2.6147242e-40
   4.3429849e-01   1.4761839e-07   2.5670219e-26   6.7611024e-19   2.2682760e-06   9.9321725e-28   3.6008638e-03   9.0562902e-11   5.6209823e-01   5.2065769e-28
   1.9669031e-21   3.0361239e-19   5.0297824e-24   6.8683753e-33   4.4059590e-24   1.7944840e-30   1.0000000e+00   9.0385884e-28   1.4196494e-16   1.7669057e-41
   2.8736611e-17   2.6264066e-10   1.7120404e-21   7.2782883e-24   8.8308670e-21   1.9068450e-27   1.0000000e+00   1.9812789e-19   5.6358916e-13   5.9160643e-33
   2.9192878e-20   3.4826097e-18   1.7221341e-17   2.3379339e-31   3.9263863e-20   6.7595880e-24   1.0000000e+00   1.5940534e-26   6.2445748e-16   9.5112325e-40
   6.3544596e-22   2.6642660e-14   5.6532505e-11   6.0972283e-28   3.7231836e-24   4.6481645e-21   1.0000000e+00   1.9751406e-23   3.1799813e-17   1.2520687e-36
   5.0415987e-09   3.0339318e-07   8.9225214e-20   3.6344920e-19   6.8357668e-08   2.3485977e-23   9.9999955e-01   8.5495153e-13   7.7966026e-08   5.7688330e-29
   1.2072742e-20   4.3359746e-12   4.7236880e-12   8.7672603e-26   9.0064951e-24   6.7973266e-22   1.0000000e+00   4.2835581e-21   4.4525603e-16   1.0408239e-34
   5.1644362e-04   2.3662982e-05   6.2126921e-22   9.1402949e-17   1.9186144e-03   3.7548261e-24   9.9710404e-01   4.3136031e-10   4.3723373e-04   1.8751206e-26
   7.8827793e-07   3.4794671e-08   2.5662138e-18   1.2849378e-20   4.1164449e-04   5.6565584e-19   9.9958731e-01   4.7759936e-12   2.2217052e-07   2.2123943e-30
   2.1957167e-12   4.0340796e-08   2.5794623e-27   3.9811163e-13   2.1186547e-11   5.4109411e-21   5.5456238e-18   9.9999996e-01   2.6333885e-16   1.6646847e-22
   4.1189646e-16   2.0163419e-03   1.3778934e-22   4.4984094e-03   7.6019756e-19   5.3268237e-22   7.5532141e-17   9.9348525e-01   2.6057692e-16   1.4519430e-11
   2.8894346e-03   7.2402671e-03   3.8581041e-18   7.6750158e-15   6.7406068e-01   2.2468818e-06   4.3094959e-07   3.1580694e-01   7.0638598e-10   1.3537025e-24
   9.8888505e-01   9.1021928e-03   2.0536442e-38   1.2130770e-12   7.9332311e-15   6.2812049e-36   1.2847000e-15   2.0126769e-03   8.3520525e-08   1.1303080e-21
   2.8102406e-06   1.1785897e-02   3.9752655e-12   5.1283445e-17   3.2072032e-07   9.8651442e-01   1.6496619e-03   4.6885675e-05   2.8561906e-10   2.0659013e-26
   5.8636325e-04   9.9935297e-01   1.4976347e-36   1.7025544e-14   2.9385543e-16   1.8868423e-33   1.5379275e-14   6.0667829e-05   1.8116854e-10   3.3182688e-24
   1.6340816e-24   1.9269657e-12   2.1573972e-37   9.6892629e-01   8.8956304e-29   1.1269269e-38   2.6142029e-29   7.4749918e-10   7.6509772e-25   3.1073710e-02
   1.4531787e-11   1.0907150e-06   3.2419518e-26   3.1654817e-14   1.2521417e-13   1.0301206e-20   3.8335495e-16   9.9999891e-01   5.5720015e-15   9.7699831e-24
   2.5527821e-16   2.0916538e-07   2.7799982e-11   7.4518174e-13   5.4237243e-15   9.9947590e-01   1.1420684e-14   5.2389271e-04   1.0090762e-18   1.5012453e-20
   2.5887639e-18   1.6479811e-05   6.4903909e-07   1.3948003e-07   3.5123645e-17   9.9970460e-01   2.9860750e-14   2.7813215e-04   3.0785988e-19   1.6811498e-13
   9.8986994e-04   5.7171963e-13   2.1448384e-37   2.1806558e-21   3.2282699e-20   5.9950989e-39   1.2002743e-14   6.8932259e-14   9.9901013e-01   1.2947128e-28
   3.1269836e-05   7.3736487e-18   1.5667921e-39   1.8656571e-27   2.0965603e-21   1.0090350e-40   2.7569195e-15   5.3542830e-20   9.9996873e-01   1.9071169e-34
   7.0667189e-01   6.0629628e-08   1.4371786e-36   8.1092668e-17   2.7930274e-15   1.2445971e-38   1.8835583e-11   6.6004768e-11   2.9332804e-01   8.7413518e-25
   7.4216884e-09   9.8490027e-18   6.6861566e-38   4.0146334e-21   1.3981235e-19   3.4275524e-41   8.3090962e-17   1.5855381e-18   9.9999999e-01   2.6582344e-26
   1.7403391e-09   2.8329215e-18   1.8262854e-37   2.2523986e-24   1.2798918e-22   1.8967221e-39   5.0096994e-17   5.5141317e-19   1.0000000e+00   3.0430376e-30
   1.1438646e-06   2.1583950e-18   8.2071377e-36   1.4705191e-25   4.8901238e-20   7.9829310e-36   1.3794637e-15   1.0995184e-18   9.9999886e-01   3.1030501e-31
   4.3356678e-07   2.7144177e-15   7.1111943e-31   2.3617779e-25   1.2494651e-14   7.9150482e-34   4.0110826e-06   2.9035315e-20   9.9999556e-01   1.4111059e-32
   7.9624394e-05   1.1432561e-12   1.5179496e-26   1.1909185e-23   9.6381557e-18   2.3776381e-26   1.7752234e-07   2.5872205e-14   9.9992020e-01   1.2544148e-30
   8.7702383e-02   1.1302440e-10   1.0092781e-31   5.0911736e-19   1.0542351e-17   1.5573289e-30   9.1441218e-13   3.7564066e-09   9.1229761e-01   1.0662522e-25
   2.9606157e-07   5.7940263e-16   3.5108417e-32   4.7984704e-23   1.0627444e-20   3.6782778e-33   9.1155903e-14   7.3021384e-16   9.9999970e-01   8.4224706e-29
   9.3271455e-25   9.6218640e-22   4.9285635e-42   7.3852597e-05   9.1480386e-26   1.0991306e-43   3.6246661e-32   6.9960242e-17   2.3787807e-22   9.9992615e-01
   1.1024105e-16   8.2053372e-15   6.7677356e-36   5.0077298e-01   2.3581289e-19   4.3518269e-38   2.2920031e-24   3.6686530e-10   7.6488702e-14   4.9922702e-01
   3.8655228e-04   3.8881986e-11   3.0676020e-31   7.8732033e-11   3.9963059e-14   7.3634895e-33   5.4571101e-15   1.6185510e-06   9.9961183e-01   1.8209984e-15
   1.8866113e-03   5.1995832e-18   7.9912246e-38   4.6741854e-24   8.8000301e-17   3.8652501e-37   4.7744429e-17   1.1370067e-16   9.9811339e-01   5.5777806e-30
   2.7778559e-01   1.5719995e-16   1.4231628e-37   1.9192057e-24   6.1763649e-18   3.2399335e-36   4.4873158e-16   1.9619390e-15   7.2221441e-01   9.5665903e-31
   1.5013249e-28   3.5446235e-22   1.3164856e-44   2.8037549e-04   6.3174438e-31   2.3299300e-46   2.2555083e-35   1.8410026e-17   4.6155521e-27   9.9971962e-01
   2.7299153e-04   3.9273129e-08   2.4972215e-29   3.5737462e-01   4.4319300e-08   8.9762944e-31   4.1667535e-14   2.1453361e-04   6.4135207e-01   7.8569933e-04
   3.1475601e-16   1.1694481e-08   3.3084356e-25   8.2099102e-01   4.3260044e-22   4.3645449e-26   1.3187096e-21   1.5139216e-01   5.6677058e-16   2.7616806e-02
   9.5581628e-01   2.7703865e-08   1.0526769e-23   6.6320390e-18   6.1692950e-14   3.8351872e-19   3.5613586e-09   3.3211606e-05   4.4150480e-02   1.0967906e-24
   9.3293970e-01   9.8063143e-06   3.8386535e-24   3.3675444e-15   3.2500842e-15   1.6597137e-20   1.3545573e-09   5.0350391e-02   1.6700103e-02   3.1785390e-22
