   1.9515025e+01   1.7128025e+01   8.6648917e+00   1.3414522e+01   1.6624011e+01   3.1799881e+01
   5.1584967e+01   2.7896128e+01   2.1378536e+01   3.0733959e+01   3.1318824e+01   2.1514819e+01
   2.5609250e+01   7.5075080e+01   5.0681942e+01   8.8465643e+01   1.0789017e+01   2.7864831e+01
   4.1986161e+01   2.5253366e+01   5.3438802e+01   1.3606969e+01   5.7352120e+01   1.3050329e+01
   5.8630215e+00   5.5871061e+01   1.1197809e+01   8.9982406e+00   3.7752110e+01   2.6543721e+01
   2.2167966e+01   7.8987934e+01   2.9803029e+01   7.3753805e+01   3.0372962e+01   6.7848981e+01
   2.6626960e+01   3.8102363e+01   1.3837127e+01   5.3653872e+01   5.4337495e+00   1.2334419e+01
   4.4956939e+01   2.8654117e+01   3.3716457e+01   1.1610492e+01   3.4980449e+01   4.0558827e+01
   1.0926502e+01   1.3798785e+01   2.2945541e+01   2.7321944e+01   1.0031676e+01   1.7598981e+01
   3.1377560e+01   1.4974696e+01   7.1019971e+01   1.1322465e+01   7.0816125e+01   8.6462151e+00
